23 0.0341362 1962
9 1.9617e-05 109
4 3.577e-06 10
14 2.7048e-05 142
18 0.011999 1470
9 3.2555e-05 109
22 0.0111241 1080
19 0.000105801 109
18 2.7705e-05 98
18 0.00163261 545
14 0.000195379 372
18 0.0488628 2760
9 3.4485e-05 43
14 0.000121866 196
14 0.000346717 172
8 2.0026e-05 20
18 0.000170543 196
22 9.5069e-05 218
14 0.000132934 218
28 0.0783262 3275
18 0.00105616 380
8 1.4308e-05 10
9 2.2091e-05 20
13 0.00586383 1040
9 1.1869e-05 21
23 0.0013806 656
18 0.0255123 1703
14 3.1686e-05 54
9 1.7787e-05 87
22 0.00195734 456
23 0.312858 7650
22 0.000562542 192
14 2.523e-05 20
17 7.062e-05 40
17 0.000107017 30
18 4.9596e-05 164
9 0.000127107 129
18 0.0011914 436
9 2.2274e-05 109
18 0.00220412 985
14 0.000161167 284
14 0.000129094 306
23 6.4115e-05 109
8 4.2033e-05 20
27 0.00198831 522
9 1.3242e-05 65
24 0.000552367 416
18 0.002741 360
27 0.000101106 196
4 3.832e-06 10
14 0.00536801 1050
14 0.000174644 372
23 0.00164233 588
17 0.000134322 40
18 0.00151505 655
18 0.00103712 435
9 1.3694e-05 109
8 1.8341e-05 20
27 0.201057 8370
9 4.0357e-05 32
13 0.00026184 195
4 3.89e-06 10
13 0.00123637 435
13 0.000585259 260
23 0.000159097 218
23 0.0014205 490
9 1.2548e-05 109
18 0.000190412 196
18 4.609e-05 98
23 0.00101091 270
13 0.000411302 304
27 0.00103047 258
13 7.8457e-05 30
19 0.00284943 786
9 5.0245e-05 42
22 0.000364945 228
8 1.3274e-05 10
18 0.00460143 602
27 0.00163418 820
27 0.00477987 780
19 0.000675648 558
23 0.000521499 426
4 3.837e-06 10
13 6.0957e-05 30
18 3.9932e-05 87
18 0.000184833 416
9 0.000713074 325
18 0.00175934 820
23 0.000249135 98
28 0.000594723 492
28 0.00336323 852
18 9.1908e-05 86
18 2.152e-05 208
18 0.000146613 196
13 0.000622273 304
18 0.000235422 416
14 0.0022092 654
9 9.375e-06 98
27 5.2132e-05 197
4 3.233e-06 10
18 0.00163196 744
27 0.000512415 360
18 0.000258306 195
4 3.677e-06 10
13 3.0766e-05 20
14 0.000644243 591
4 3.478e-06 10
23 0.00681169 1090
8 1.3467e-05 10
28 3.4726e-05 164
13 0.000254837 195
22 0.000299552 228
13 1.5053e-05 98
27 0.000923612 436
18 8.4213e-05 108
14 0.000506284 216
23 0.003291 1116
13 9.1086e-05 196
14 7.0103e-05 197
22 0.00125556 390
32 0.0126059 1400
13 0.000112361 218
13 5.6518e-05 30
13 6.7608e-05 20
18 0.000150699 218
22 0.000376862 294
28 0.000143171 208
19 0.000402932 327
8 4.3272e-05 20
9 2.3601e-05 109
32 0.314038 5967
9 0.0003985 304
9 1.0535e-05 54
13 1.6989e-05 87
22 0.00486249 981
18 0.000744141 328
14 0.000366015 261
4 3.643e-06 10
18 0.000134985 87
9 0.000878021 490
18 0.000513112 260
18 8.2347e-05 130
19 5.9769e-05 109
9 9.177e-06 43
32 0.000220934 350
13 0.00690141 1392
17 5.2714e-05 10
18 0.000901838 568
27 0.00151309 392
14 1.6393e-05 87
19 2.9158e-05 175
9 8.5778e-05 196
23 0.00168723 710
28 0.000448924 218
9 9.76e-06 87
28 0.00111762 568
13 0.00188008 696
18 0.000154443 218
13 0.0006001 258
4 3.767e-06 10
19 0.000151979 174
9 1.6894e-05 76
18 0.000112964 130
27 0.00292317 696
4 4.031e-06 10
18 0.000190677 162
23 0.00047743 327
13 0.00144013 608
23 3.15026 13464
9 4.9626e-05 76
22 0.000330445 195
23 0.00384002 760
32 0.00119286 832
24 5.3177e-05 43
13 0.00061608 304
32 0.0132294 1560
4 4.391e-06 10
13 0.00290166 540
18 0.00860031 1640
13 1.6263e-05 54
14 0.000851436 612
4 4.06e-06 10
28 0.0112798 1575
4 4.01e-06 10
13 0.000332103 261
23 0.00183523 655
27 0.000327204 195
14 5.1392e-05 109
23 0.00108119 524
13 0.00014416 174
32 0.000199716 306
28 0.000554347 426
27 0.000814079 612
13 4.7117e-05 65
4 3.637e-06 10
28 0.00876985 1750
28 0.00688471 1400
13 7.1895e-05 174
9 5.8925e-05 20
23 0.000947449 545
19 0.00035159 261
19 3.7267e-05 109
9 9.148e-06 109
18 2.8289e-05 21
14 0.000234421 162
8 1.4104e-05 10
4 3.008e-06 10
18 0.000371903 261
13 0.000208873 162
14 0.000589238 348
22 0.000531964 215
18 0.000120784 196
18 0.000495422 160
23 0.00841647 1090
9 1.3073e-05 32
9 1.125e-05 43
22 0.000823359 258
4 3.774e-06 10
18 0.000374777 459
8 1.9353e-05 20
27 0.00155061 545
28 0.000969027 656
9 1.4612e-05 10
9 0.000663024 270
13 6.2502e-05 64
18 0.00962169 1302
23 7.7406e-05 108
14 1.8209e-05 197
4 3.402e-06 10
28 0.00230802 765
9 1.4129e-05 10
13 8.6509e-05 196
13 1.7037e-05 76
9 2.3701e-05 43
18 0.001654 654
27 0.00281995 609
18 5.3762e-05 142
23 9.9186e-05 98
22 0.0056013 780
14 3.9736e-05 197
23 5.5698e-05 109
13 0.00145148 432
14 8.4351e-05 42
14 0.000124731 416
18 0.000368944 172
4 3.875e-06 10
22 0.000166429 129
13 0.000153963 96
4 3.524e-06 10
13 0.000123208 196
9 1.3204e-05 109
13 0.00172681 608
8 1.3407e-05 10
18 9.7051e-05 108
9 3.0728e-05 87
9 0.000113466 96
9 9.398e-06 98
9 0.000290556 172
13 0.000298462 228
13 8.4621e-05 109
27 0.0134649 1968
28 0.000112523 186
18 0.000429735 327
24 5.8972e-05 186
9 1.3284e-05 109
4 3.254e-06 10
14 4.8004e-05 120
22 0.000108912 196
13 0.000850568 490
14 0.00111838 656
23 0.0378159 2976
9 1.4824e-05 109
18 0.0095738 1860
4 4.003e-06 10
23 0.0735251 2088
27 0.000373679 228
9 1.6104e-05 54
14 0.000107674 174
9 0.000382942 304
28 0.000100958 174
23 0.00647058 1488
14 0.0014211 480
13 0.00130863 520
4 3.846e-06 10
9 9.151e-06 109
9 2.8725e-05 109
28 0.000236633 350
22 6.0679e-05 109
8 1.2779e-05 10
18 0.000146986 174
18 0.00127799 325
14 0.000115236 174
19 2.9707e-05 109
14 0.000489805 525
18 0.000281575 152
23 0.00693527 1576
19 0.00227275 600
18 0.000387924 393
4 3.854e-06 10
9 5.5941e-05 20
14 0.000303193 172
18 3.4412e-05 109
18 0.000751763 260
13 1.5357e-05 10
4 3.313e-06 10
23 0.000313005 196
19 0.000472895 172
14 1.5273e-05 208
27 0.00097942 568
13 0.000144593 84
13 1.642e-05 87
9 7.2578e-05 196
13 0.000110029 64
19 0.000172512 218
9 2.3653e-05 109
23 0.000650908 260
13 5.2792e-05 0
8 1.2451e-05 10
18 0.009566 917
13 0.00390224 1090
19 0.00324852 783
8 1.4106e-05 10
18 1.8488e-05 32
27 0.00106204 392
24 0.000567585 524
22 0.000699818 348
4 3.7e-06 10
9 0.000113711 96
13 0.00093121 588
28 0.00702224 1476
4 4.064e-06 10
18 0.000459811 262
14 0.000740378 436
18 2.9793e-05 87
32 0.00010658 208
28 0.0307862 1635
17 0.000128657 30
18 0.00121691 380
13 1.5945e-05 65
9 8.474e-06 87
18 0.00163841 786
8 1.3935e-05 10
13 0.00706804 1392
9 1.652e-05 87
14 0.000967511 744
18 0.000391791 327
28 0.626723 7708
22 0.000186325 162
4 3.699e-06 10
32 4.0734e-05 153
17 3.6178e-05 20
13 3.57e-05 10
27 0.00294299 1050
28 0.000206874 262
22 0.00370164 650
13 7.3423e-05 174
14 2.2706e-05 54
8 1.3731e-05 10
28 0.00139751 612
13 0.000365815 261
27 0.00186743 930
32 0.00971368 1530
4 4.139e-06 10
4 2.658e-06 10
9 6.0565e-05 86
14 0.00010441 152
19 0.000500022 304
4 3.56e-06 10
13 1.4862e-05 21
9 2.2504e-05 20
9 1.6696e-05 20
19 0.0258505 1836
23 0.000386026 558
9 3.8001e-05 54
13 0.000207953 294
9 3.5452e-05 76
22 0.000447576 260
18 0.00113615 301
14 4.7324e-05 87
9 1.7122e-05 20
9 4.9921e-05 76
32 0.00419904 1050
28 0.000622671 492
23 0.000215981 218
27 0.00723824 1200
13 1.5564e-05 87
13 8.9395e-05 30
19 0.0022471 820
17 8.1591e-05 10
13 0.0011888 380
19 0.000382293 294
18 45.7033 14934
13 0.00153196 432
22 0.00153274 378
8 1.9312e-05 20
4 3.342e-06 10
19 0.000128815 174
9 0.000362352 260
14 4.4796e-05 153
13 0.000169716 195
23 5.7451e-05 109
23 0.000177935 218
18 0.0088714 1379
9 1.0772e-05 109
28 0.000375186 350
13 0.00187684 872
9 0.000144174 129
19 0.00222157 765
23 0.000580778 348
28 0.000824641 392
18 7.3622e-05 196
14 9.7776e-05 130
13 7.539e-05 108
8 1.2929e-05 0
14 2.3432e-05 54
9 1.1424e-05 10
4 3.335e-06 10
4 2.678e-06 10
23 0.0818946 4592
8 1.5476e-05 10
9 8.342e-05 218
23 0.000834773 436
14 0.0019032 710
8 1.8609e-05 20
27 0.00188016 490
8 3.9926e-05 20
19 0.000755871 392
18 0.0011823 545
9 3.196e-05 98
13 2.0644e-05 21
18 0.000804933 426
4 3.882e-06 10
24 4.9061e-05 87
13 9.2882e-05 30
22 0.00357006 684
17 6.5195e-05 20
8 2.7552e-05 10
18 0.000265119 195
22 0.000148938 218
18 8.9356e-05 196
18 0.0010039 700
24 0.45229 4402
23 0.000540739 426
14 3.1872e-05 131
13 1.8397e-05 87
18 0.000658305 591
28 0.0221657 2758
14 0.000312062 360
27 0.00437041 684
4 4.071e-06 10
13 2.0248e-05 43
14 9.4066e-05 130
28 0.000793847 612
13 0.000396069 327
13 3.0273e-05 20
13 4.3498e-05 30
14 0.000133859 306
18 0.00347263 1071
23 0.000246926 372
28 0.0144524 2100
9 1.1185e-05 109
28 0.0139695 1530
9 3.8712e-05 20
28 0.00367579 1050
14 0.00019226 416
13 5.0287e-05 20
17 7.228e-05 30
32 0.000865374 64
13 1.5947e-05 109
8 1.8157e-05 20
9 3.8209e-05 20
13 1.4593e-05 76
8 1.7123e-05 20
9 6.5745e-05 174
9 1.6169e-05 76
13 6.8104e-05 196
13 0.000211162 172
13 5.9015e-05 30
13 0.000547784 260
4 3.985e-06 10
14 0.000196966 130
19 4.12e-05 65
4 3.356e-06 10
22 0.000261377 195
9 1.8171e-05 20
9 2.2277e-05 98
13 0.00118216 435
18 0.000245452 394
18 0.000171666 218
19 0.00116042 612
14 0.000303459 393
19 0.00122914 612
18 0.000824711 224
8 1.4174e-05 10
13 0.000498039 192
27 0.0545144 2640
13 5.0018e-05 20
9 1.1864e-05 43
18 0.000354402 128
13 2.6575e-05 20
18 0.000140402 96
4 3.467e-06 10
9 8.163e-06 10
9 2.7569e-05 54
19 0.00144076 744
8 4.0382e-05 20
32 0.000439874 328
13 0.000108009 174
22 0.000164789 129
23 0.00134272 435
9 0.000506257 436
9 0.000365091 260
32 0.00481687 1302
18 4.4699e-05 87
13 8.9323e-05 218
9 1.0418e-05 98
18 0.000125474 108
13 0.000239375 108
9 2.2847e-05 109
24 4.9239e-05 76
4 3.469e-06 10
22 0.00363787 650
9 3.7555e-05 20
28 0.000543881 591
9 0.000748762 380
18 7.8411e-05 120
8 1.268e-05 0
18 0.00516711 1080
9 2.9976e-05 76
14 0.000133553 196
4 3.614e-06 10
9 3.7271e-05 20
9 1.5028e-05 10
13 0.000138461 218
23 3.7034e-05 87
27 0.0024336 654
14 3.7552e-05 142
18 0.0217765 852
19 0.000112458 240
14 1.7476e-05 208
8 1.4294e-05 10
18 2.9829e-05 109
18 0.000647966 436
13 0.00277716 540
9 2.2457e-05 87
8 3.9314e-05 20
23 0.00157865 654
13 1.5259e-05 87
18 0.0101185 1225
18 0.000155714 328
27 0.0045621 1379
9 5.4978e-05 20
9 0.000196464 195
4 3.625e-06 10
4 2.959e-06 10
13 2.8129e-05 32
32 0.000465193 153
8 1.434e-05 10
4 2.989e-06 10
23 0.00221855 930
18 0.00160815 545
13 1.5536e-05 76
8 1.8086e-05 20
4 3.427e-06 10
9 1.2604e-05 109
23 0.000214674 162
9 0.000205525 294
18 0.00072415 228
18 7.5634e-05 65
8 2.023e-05 20
14 1.6336e-05 65
17 0.000154807 40
9 0.000810479 380
4 3.651e-06 10
22 0.00152151 545
13 7.9717e-05 86
13 4.4468e-05 54
14 3.204e-05 54
27 0.00141867 820
14 3.297e-05 175
9 1.6449e-05 109
23 0.303811 3720
14 2.5231e-05 76
19 0.000188231 306
22 0.000124829 76
19 0.000165014 218
18 0.0002729 261
24 0.00432856 720
23 0.000157849 196
13 2.2222e-05 10
19 0.0159184 1562
8 5.9087e-05 20
9 0.000236953 327
27 0.00308446 1116
22 0.00140483 456
9 1.6339e-05 87
14 0.00178185 832
4 3.711e-06 10
19 5.6407e-05 87
4 3.073e-06 10
18 6.3985e-05 109
13 0.00133922 520
13 0.000100372 30
13 0.000561038 260
13 5.4036e-05 86
28 0.0164065 1970
9 0.000423439 304
8 1.4102e-05 10
18 3.5436e-05 76
27 0.000620432 32
8 4.2692e-05 20
18 5.0136e-05 109
24 3.7393e-05 153
9 2.9974e-05 76
18 0.00243155 686
9 9.22e-06 10
9 9.1322e-05 218
19 0.00216323 765
9 5.3032e-05 87
14 0.000350145 327
13 2.4564e-05 21
18 6.1019e-05 42
13 0.000141807 84
28 18.9727 21726
18 3.5543e-05 98
13 7.4003e-05 152
9 4.1724e-05 20
13 0.000618966 304
9 1.4321e-05 10
13 9.314e-05 30
8 1.2328e-05 10
17 4.9683e-05 10
18 0.0030042 765
14 0.000685534 348
17 0.0002597 60
28 0.000969734 480
9 1.4171e-05 98
13 1.7173e-05 10
13 0.00023198 196
9 1.0352e-05 109
23 0.00224679 654
13 0.000316521 304
9 5.4883e-05 130
13 2.0836e-05 109
4 3.218e-06 10
18 2.5905e-05 109
4 3.107e-06 10
19 2.465e-05 120
14 0.000145798 328
23 0.000513885 558
17 4.1175e-05 20
27 0.0153201 2418
18 0.000105267 174
13 5.378e-05 64
13 0.00050163 260
18 0.000440094 304
18 0.00645402 686
22 0.000116146 130
14 7.6745e-05 130
13 1.8616e-05 98
23 0.00129258 325
24 0.00192524 710
13 0.000134957 196
13 1.5743e-05 109
8 1.3053e-05 10
13 2.7115e-05 10
9 0.000171939 228
18 0.00373012 870
23 0.000371037 525
19 2.7425e-05 87
18 0.000399592 306
18 3.7262e-05 153
14 0.000767394 480
9 3.5607e-05 54
23 0.0107053 1216
18 0.000169778 196
23 0.00222229 820
9 3.8161e-05 76
9 1.6996e-05 98
18 0.00112579 436
9 4.0524e-05 20
9 1.6439e-05 109
23 0.00270971 784
9 1.0979e-05 76
13 1.5827e-05 98
14 0.000130274 218
18 0.0430958 960
28 0.0170701 2080
9 3.6049e-05 109
8 1.8373e-05 20
22 0.000360729 216
19 3.2605e-05 65
18 2.3978e-05 208
8 1.3524e-05 10
14 0.00409498 710
8 1.2444e-05 0
9 1.6322e-05 109
13 5.6436e-05 20
18 0.000171278 129
18 0.0102381 1305
9 9.906e-06 32
18 4.9059e-05 208
8 3.3566e-05 20
4 3.227e-06 10
17 7.9016e-05 40
22 3.4011e-05 109
18 0.000838801 270
18 5.2799e-05 98
27 0.0208487 2130
22 0.000102047 218
18 5.8634e-05 197
18 0.000317848 261
14 1.4907e-05 98
14 0.000373277 294
4 3.869e-06 10
23 0.0700708 2142
19 0.000122624 196
13 3.5436e-05 20
4 3.304e-06 10
23 0.00134195 656
9 9.1686e-05 218
18 3.1468e-05 131
23 0.0114036 1305
19 0.0042527 710
14 6.6464e-05 131
24 5.1856e-05 164
23 0.000558593 192
9 1.2903e-05 54
18 0.000851128 240
13 0.00150123 545
9 1.3319e-05 109
14 0.00155491 490
18 0.000311813 162
4 3.845e-06 10
14 5.7598e-05 164
9 1.8802e-05 20
8 4.014e-05 20
13 1.7143e-05 87
14 0.00116842 435
8 1.9065e-05 20
9 0.000159349 195
18 0.00298047 763
17 0.000200285 30
9 2.5354e-05 76
4 3.477e-06 10
13 0.000361109 294
27 0.000123184 218
18 0.000929119 348
13 8.8186e-05 196
13 0.0341203 3136
8 1.898e-05 20
14 8.6262e-05 164
18 0.000557311 327
9 2.2164e-05 32
8 1.3558e-05 10
9 1.519e-05 109
4 3.365e-06 10
18 0.000488537 218
13 0.000787006 392
13 2.4182e-05 54
9 9.111e-06 54
18 0.00417592 760
8 1.7294e-05 20
8 3.7103e-05 20
8 5.177e-05 20
18 0.00205136 608
14 0.000111116 86
19 0.000602031 348
23 0.000189712 162
14 5.9973e-05 64
18 0.000173896 108
17 0.000187126 30
8 1.3066e-05 10
23 0.00101565 612
13 0.000325065 261
4 3.93e-06 10
23 0.0237379 2955
13 1.8699e-05 32
14 3.2005e-05 175
14 0.000846497 392
4 3.858e-06 10
9 1.0068e-05 87
23 0.000606653 304
18 0.00021067 218
4 3.694e-06 10
9 0.000425054 348
27 0.00339287 654
9 6.0722e-05 86
4 3.76e-06 10
13 7.1523e-05 30
27 0.000213111 394
19 2.4134e-05 208
14 0.000172589 129
14 0.0001251 130
8 1.4191e-05 10
14 0.000171828 350
14 0.000161157 350
22 0.00170305 522
13 1.6086e-05 54
4 3.227e-06 10
18 0.0101896 1372
9 9.4536e-05 218
23 0.000587738 327
18 0.00108655 324
13 0.000357784 348
22 0.000871659 192
18 0.000451166 216
19 3.0702e-05 65
13 1.559e-05 109
13 0.000268362 260
32 0.00106175 524
9 3.0263e-05 87
14 0.00584453 917
14 0.00101977 568
13 0.000846995 256
18 0.00680844 686
18 0.00232912 456
9 0.000228461 327
8 1.421e-05 10
18 2.507e-05 208
13 1.8228e-05 109
18 0.000685885 348
14 0.000107098 196
22 0.000745021 436
14 0.000108116 174
9 3.0538e-05 87
13 2.6725e-05 20
27 0.00128632 545
32 0.000376628 328
13 0.000788466 392
22 0.000562657 76
22 0.00175117 588
28 0.000869228 436
14 8.1474e-05 130
13 6.3488e-05 130
18 0.00448378 1071
9 9.0717e-05 218
23 0.00916566 1310
32 0.00606033 1179
8 1.3859e-05 10
18 0.000153083 152
14 0.000102969 152
18 0.00137716 545
27 0.0130418 1640
9 0.000138991 129
8 1.4035e-05 10
8 1.2547e-05 10
14 1.7033e-05 131
27 0.000335184 218
9 0.000215639 327
13 0.00462309 688
18 9.5904e-05 42
13 0.000709523 348
9 2.9325e-05 65
19 0.000141496 196
22 0.000578045 216
13 4.5896e-05 20
9 1.278e-05 87
13 0.00021637 172
18 0.00341948 994
13 0.000133723 196
18 0.000637933 525
9 1.2867e-05 98
18 0.0151456 1703
27 0.00146547 700
18 0.0005284 260
18 0.0036197 684
14 2.087e-05 120
18 2.8674e-05 98
18 0.000587941 360
27 0.00199814 720
13 4.1349e-05 10
8 5.343e-05 20
23 0.000214675 96
22 0.00975413 1105
18 7.6212e-05 64
18 0.000300616 195
18 4.2551e-05 10
18 5.7373e-05 64
19 0.000434096 360
13 3.8917e-05 10
22 0.00258911 654
4 3.932e-06 10
22 0.00432527 763
27 0.00274266 609
13 0.00018657 128
9 2.4377e-05 65
19 0.0016701 261
13 0.00116658 380
14 0.00012017 196
14 0.000129834 218
27 0.000883924 348
14 4.0818e-05 153
19 0.000179001 284
13 3.1098e-05 43
13 0.000764642 392
4 3.896e-06 10
17 0.00010363 20
23 0.000333408 195
13 5.8704e-05 65
17 4.4477e-05 20
18 0.00041 360
4 4.195e-06 10
18 0.00204354 765
23 0.000208547 43
27 0.00185574 654
19 0.000199669 306
14 0.00894443 1148
18 5.559e-05 153
14 0.000138301 196
14 3.2457e-05 197
18 0.000174555 394
4 3.62e-06 10
14 0.000706253 524
14 0.000304045 128
23 0.00049688 393
13 1.7364e-05 109
13 0.00117879 435
14 0.000510301 260
14 7.8466e-05 130
18 0.000612418 436
13 2.0348e-05 0
9 1.1967e-05 65
9 1.2694e-05 109
14 0.000884273 656
32 0.0262556 2790
4 4.231e-06 10
13 5.855e-05 152
8 2.91e-05 10
24 0.01886 1476
9 0.000396895 304
8 1.4798e-05 10
9 9.499e-06 109
22 0.00168388 654
19 0.00201573 710
13 0.00102599 325
14 0.00245593 655
13 7.6556e-05 64
28 0.0249968 2414
23 0.000368649 228
23 0.00706384 1476
32 0.0538934 3940
13 0.000327697 348
28 0.00120048 832
9 0.000855495 490
14 0.00082458 436
8 1.4459e-05 10
27 0.00328334 516
9 9.443e-06 32
4 3.55e-06 10
18 0.000396183 327
13 3.546e-05 32
18 2.7694e-05 76
23 0.000261157 195
23 0.010178 1312
14 0.000508961 260
23 0.00308311 710
9 9.008e-06 21
18 0.000951863 744
4 3.883e-06 10
23 0.000199087 394
14 0.00080861 436
14 9.7075e-05 152
18 0.00968003 1420
14 0.000121676 196
13 2.5285e-05 54
14 0.00155843 765
23 0.00235559 820
18 7.5576e-05 42
8 1.3487e-05 10
22 0.000596918 348
13 6.6538e-05 86
14 0.000165854 130
19 2.5228e-05 175
13 1.5018e-05 10
13 7.7614e-05 130
18 0.000113008 196
13 6.5176e-05 174
14 4.0575e-05 153
27 0.0783093 4260
13 6.2547e-05 196
14 0.000163228 328
28 0.242085 3366
13 0.000105561 30
13 0.000263821 195
19 0.00088717 525
9 3.5724e-05 54
14 2.3466e-05 197
14 7.4093e-05 186
4 3.439e-06 10
19 0.000155347 416
23 0.000703465 591
13 2.3209e-05 10
23 0.000415906 195
18 0.0369431 1048
14 3.6721e-05 42
23 0.000603991 348
22 0.000650517 270
13 3.0913e-05 76
4 3.4e-06 10
