380 1
132 0
240 0
110 0
272 0
210 0
420 13
420 0
420 13
240 0
462 6
600 245
462 3
306 1
552 118
552 119
600 243
552 119
306 0
420 3
342 3
506 14
156 0
552 119
462 28
552 119
600 246
462 28
600 59
210 0
380 6
420 13
210 0
182 0
240 0
210 0
420 0
132 0
110 0
342 3
342 0
156 0
506 0
182 0
132 0
182 0
380 0
240 0
210 0
420 13
342 3
506 57
552 120
110 0
552 118
182 0
110 0
552 38
506 57
306 1
552 60
380 6
420 1
600 249
240 0
110 0
132 0
506 58
156 0
380 6
342 3
342 3
552 119
342 3
182 0
156 0
420 13
342 3
156 0
420 13
506 58
132 0
306 1
132 0
156 0
420 3
600 244
132 0
156 0
210 0
110 0
240 0
306 1
272 0
462 28
182 0
420 3
342 3
342 3
132 0
