23 0 1962
9 0 109
4 0 10
14 0 142
18 0 1470
9 0 109
22 0 1080
19 0 109
18 0 98
18 0 545
14 0 372
18 0 2760
9 0 43
14 0 196
14 0 172
8 0 20
18 0 196
22 0 218
14 0 218
28 0 3275
18 0 380
8 0 10
9 0 20
13 0 1040
9 0 21
23 0 656
18 0 1703
14 0 54
9 0 87
22 0 456
23 0 7650
22 0 192
14 0 20
17 0 40
17 0 30
18 0 164
9 0 129
18 0 436
9 0 109
18 0 985
14 0 284
14 0 306
23 0 109
8 0 20
27 0 522
9 0 65
24 0 416
18 0 360
27 0 196
4 0 10
14 0 1050
14 0 372
23 0 588
17 0 40
18 0 655
18 0 435
9 0 109
8 0 20
27 0 8370
9 0 32
13 0 195
4 0 10
13 0 435
13 0 260
23 0 218
23 0 490
9 0 109
18 0 196
18 0 98
23 0 270
13 0 304
27 0 258
13 0 30
19 0 786
9 0 42
22 0 228
8 0 10
18 0 602
27 0 820
27 0 780
19 0 558
23 0 426
4 0 10
13 0 30
18 0 87
18 0 416
9 0 325
18 0 820
23 0 98
28 0 492
28 0 852
18 0 86
18 0 208
18 0 196
13 0 304
18 0 416
14 0 654
9 0 98
27 0 197
4 0 10
18 0 744
27 0 360
18 0 195
4 0 10
13 0 20
14 0 591
4 0 10
23 0 1090
8 0 10
28 0 164
13 0 195
22 0 228
13 0 98
27 0 436
18 0 108
14 0 216
23 0 1116
13 0 196
14 0 197
22 0 390
32 0 1400
13 0 218
13 0 30
13 0 20
18 0 218
22 0 294
28 0 208
19 0 327
8 0 20
9 0 109
32 0 5967
9 0 304
9 0 54
13 0 87
22 0 981
18 0 328
14 0 261
4 0 10
18 0 87
9 0 490
18 0 260
18 0 130
19 0 109
9 0 43
32 0 350
13 0 1392
17 0 10
18 0 568
27 0 392
14 0 87
19 0 175
9 0 196
23 0 710
28 0 218
9 0 87
28 0 568
13 0 696
18 0 218
13 0 258
4 0 10
19 0 174
9 0 76
18 0 130
27 0 696
4 0 10
18 0 162
23 0 327
13 0 608
23 3 13464
9 0 76
22 0 195
23 0 760
32 0 832
24 0 43
13 0 304
32 0 1560
4 0 10
13 0 540
18 0 1640
13 0 54
14 0 612
4 0 10
28 0 1575
4 0 10
13 0 261
23 0 655
27 0 195
14 0 109
23 0 524
13 0 174
32 0 306
28 0 426
27 0 612
13 0 65
4 0 10
28 0 1750
28 0 1400
13 0 174
9 0 20
23 0 545
19 0 261
19 0 109
9 0 109
18 0 21
14 0 162
8 0 10
4 0 10
18 0 261
13 0 162
14 0 348
22 0 215
18 0 196
18 0 160
23 0 1090
9 0 32
9 0 43
22 0 258
4 0 10
18 0 459
8 0 20
27 0 545
28 0 656
9 0 10
9 0 270
13 0 64
18 0 1302
23 0 108
14 0 197
4 0 10
28 0 765
9 0 10
13 0 196
13 0 76
9 0 43
18 0 654
27 0 609
18 0 142
23 0 98
22 0 780
14 0 197
23 0 109
13 0 432
14 0 42
14 0 416
18 0 172
4 0 10
22 0 129
13 0 96
4 0 10
13 0 196
9 0 109
13 0 608
8 0 10
18 0 108
9 0 87
9 0 96
9 0 98
9 0 172
13 0 228
13 0 109
27 0 1968
28 0 186
18 0 327
24 0 186
9 0 109
4 0 10
14 0 120
22 0 196
13 0 490
14 0 656
23 0 2976
9 0 109
18 0 1860
4 0 10
23 0 2088
27 0 228
9 0 54
14 0 174
9 0 304
28 0 174
23 0 1488
14 0 480
13 0 520
4 0 10
9 0 109
9 0 109
28 0 350
22 0 109
8 0 10
18 0 174
18 0 325
14 0 174
19 0 109
14 0 525
18 0 152
23 0 1576
19 0 600
18 0 393
4 0 10
9 0 20
14 0 172
18 0 109
18 0 260
13 0 10
4 0 10
23 0 196
19 0 172
14 0 208
27 0 568
13 0 84
13 0 87
9 0 196
13 0 64
19 0 218
9 0 109
23 0 260
13 0 0
8 0 10
18 0 917
13 0 1090
19 0 783
8 0 10
18 0 32
27 0 392
24 0 524
22 0 348
4 0 10
9 0 96
13 0 588
28 0 1476
4 0 10
18 0 262
14 0 436
18 0 87
32 0 208
28 0 1635
17 0 30
18 0 380
13 0 65
9 0 87
18 0 786
8 0 10
13 0 1392
9 0 87
14 0 744
18 0 327
28 0 7708
22 0 162
4 0 10
32 0 153
17 0 20
13 0 10
27 0 1050
28 0 262
22 0 650
13 0 174
14 0 54
8 0 10
28 0 612
13 0 261
27 0 930
32 0 1530
4 0 10
4 0 10
9 0 86
14 0 152
19 0 304
4 0 10
13 0 21
9 0 20
9 0 20
19 0 1836
23 0 558
9 0 54
13 0 294
9 0 76
22 0 260
18 0 301
14 0 87
9 0 20
9 0 76
32 0 1050
28 0 492
23 0 218
27 0 1200
13 0 87
13 0 30
19 0 820
17 0 10
13 0 380
19 0 294
18 47 14934
13 0 432
22 0 378
8 0 20
4 0 10
19 0 174
9 0 260
14 0 153
13 0 195
23 0 109
23 0 218
18 0 1379
9 0 109
28 0 350
13 0 872
9 0 129
19 0 765
23 0 348
28 0 392
18 0 196
14 0 130
13 0 108
8 0 0
14 0 54
9 0 10
4 0 10
4 0 10
23 0 4592
8 0 10
9 0 218
23 0 436
14 0 710
8 0 20
27 0 490
8 0 20
19 0 392
18 0 545
9 0 98
13 0 21
18 0 426
4 0 10
24 0 87
13 0 30
22 0 684
17 0 20
8 0 10
18 0 195
22 0 218
18 0 196
18 0 700
24 0 4402
23 0 426
14 0 131
13 0 87
18 0 591
28 0 2758
14 0 360
27 0 684
4 0 10
13 0 43
14 0 130
28 0 612
13 0 327
13 0 20
13 0 30
14 0 306
18 0 1071
23 0 372
28 0 2100
9 0 109
28 0 1530
9 0 20
28 0 1050
14 0 416
13 0 20
17 0 30
32 0 64
13 0 109
8 0 20
9 0 20
13 0 76
8 0 20
9 0 174
9 0 76
13 0 196
13 0 172
13 0 30
13 0 260
4 0 10
14 0 130
19 0 65
4 0 10
22 0 195
9 0 20
9 0 98
13 0 435
18 0 394
18 0 218
19 0 612
14 0 393
19 0 612
18 0 224
8 0 10
13 0 192
27 0 2640
13 0 20
9 0 43
18 0 128
13 0 20
18 0 96
4 0 10
9 0 10
9 0 54
19 0 744
8 0 20
32 0 328
13 0 174
22 0 129
23 0 435
9 0 436
9 0 260
32 0 1302
18 0 87
13 0 218
9 0 98
18 0 108
13 0 108
9 0 109
24 0 76
4 0 10
22 0 650
9 0 20
28 0 591
9 0 380
18 0 120
8 0 0
18 0 1080
9 0 76
14 0 196
4 0 10
9 0 20
9 0 10
13 0 218
23 0 87
27 0 654
14 0 142
18 0 852
19 0 240
14 0 208
8 0 10
18 0 109
18 0 436
13 0 540
9 0 87
8 0 20
23 0 654
13 0 87
18 0 1225
18 0 328
27 0 1379
9 0 20
9 0 195
4 0 10
4 0 10
13 0 32
32 0 153
8 0 10
4 0 10
23 0 930
18 0 545
13 0 76
8 0 20
4 0 10
9 0 109
23 0 162
9 0 294
18 0 228
18 0 65
8 0 20
14 0 65
17 0 40
9 0 380
4 0 10
22 0 545
13 0 86
13 0 54
14 0 54
27 0 820
14 0 175
9 0 109
23 0 3720
14 0 76
19 0 306
22 0 76
19 0 218
18 0 261
24 0 720
23 0 196
13 0 10
19 0 1562
8 0 20
9 0 327
27 0 1116
22 0 456
9 0 87
14 0 832
4 0 10
19 0 87
4 0 10
18 0 109
13 0 520
13 0 30
13 0 260
13 0 86
28 0 1970
9 0 304
8 0 10
18 0 76
27 0 32
8 0 20
18 0 109
24 0 153
9 0 76
18 0 686
9 0 10
9 0 218
19 0 765
9 0 87
14 0 327
13 0 21
18 0 42
13 0 84
28 19 21726
18 0 98
13 0 152
9 0 20
13 0 304
9 0 10
13 0 30
8 0 10
17 0 10
18 0 765
14 0 348
17 0 60
28 0 480
9 0 98
13 0 10
13 0 196
9 0 109
23 0 654
13 0 304
9 0 130
13 0 109
4 0 10
18 0 109
4 0 10
19 0 120
14 0 328
23 0 558
17 0 20
27 0 2418
18 0 174
13 0 64
13 0 260
18 0 304
18 0 686
22 0 130
14 0 130
13 0 98
23 0 325
24 0 710
13 0 196
13 0 109
8 0 10
13 0 10
9 0 228
18 0 870
23 0 525
19 0 87
18 0 306
18 0 153
14 0 480
9 0 54
23 0 1216
18 0 196
23 0 820
9 0 76
9 0 98
18 0 436
9 0 20
9 0 109
23 0 784
9 0 76
13 0 98
14 0 218
18 0 960
28 0 2080
9 0 109
8 0 20
22 0 216
19 0 65
18 0 208
8 0 10
14 0 710
8 0 0
9 0 109
13 0 20
18 0 129
18 0 1305
9 0 32
18 0 208
8 0 20
4 0 10
17 0 40
22 0 109
18 0 270
18 0 98
27 0 2130
22 0 218
18 0 197
18 0 261
14 0 98
14 0 294
4 0 10
23 0 2142
19 0 196
13 0 20
4 0 10
23 0 656
9 0 218
18 0 131
23 0 1305
19 0 710
14 0 131
24 0 164
23 0 192
9 0 54
18 0 240
13 0 545
9 0 109
14 0 490
18 0 162
4 0 10
14 0 164
9 0 20
8 0 20
13 0 87
14 0 435
8 0 20
9 0 195
18 0 763
17 0 30
9 0 76
4 0 10
13 0 294
27 0 218
18 0 348
13 0 196
13 0 3136
8 0 20
14 0 164
18 0 327
9 0 32
8 0 10
9 0 109
4 0 10
18 0 218
13 0 392
13 0 54
9 0 54
18 0 760
8 0 20
8 0 20
8 0 20
18 0 608
14 0 86
19 0 348
23 0 162
14 0 64
18 0 108
17 0 30
8 0 10
23 0 612
13 0 261
4 0 10
23 0 2955
13 0 32
14 0 175
14 0 392
4 0 10
9 0 87
23 0 304
18 0 218
4 0 10
9 0 348
27 0 654
9 0 86
4 0 10
13 0 30
27 0 394
19 0 208
14 0 129
14 0 130
8 0 10
14 0 350
14 0 350
22 0 522
13 0 54
4 0 10
18 0 1372
9 0 218
23 0 327
18 0 324
13 0 348
22 0 192
18 0 216
19 0 65
13 0 109
13 0 260
32 0 524
9 0 87
14 0 917
14 0 568
13 0 256
18 0 686
18 0 456
9 0 327
8 0 10
18 0 208
13 0 109
18 0 348
14 0 196
22 0 436
14 0 174
9 0 87
13 0 20
27 0 545
32 0 328
13 0 392
22 0 76
22 0 588
28 0 436
14 0 130
13 0 130
18 0 1071
9 0 218
23 0 1310
32 0 1179
8 0 10
18 0 152
14 0 152
18 0 545
27 0 1640
9 0 129
8 0 10
8 0 10
14 0 131
27 0 218
9 0 327
13 0 688
18 0 42
13 0 348
9 0 65
19 0 196
22 0 216
13 0 20
9 0 87
13 0 172
18 0 994
13 0 196
18 0 525
9 0 98
18 0 1703
27 0 700
18 0 260
18 0 684
14 0 120
18 0 98
18 0 360
27 0 720
13 0 10
8 0 20
23 0 96
22 0 1105
18 0 64
18 0 195
18 0 10
18 0 64
19 0 360
13 0 10
22 0 654
4 0 10
22 0 763
27 0 609
13 0 128
9 0 65
19 0 261
13 0 380
14 0 196
14 0 218
27 0 348
14 0 153
19 0 284
13 0 43
13 0 392
4 0 10
17 0 20
23 0 195
13 0 65
17 0 20
18 0 360
4 0 10
18 0 765
23 0 43
27 0 654
19 0 306
14 0 1148
18 0 153
14 0 196
14 0 197
18 0 394
4 0 10
14 0 524
14 0 128
23 0 393
13 0 109
13 0 435
14 0 260
14 0 130
18 0 436
13 0 0
9 0 65
9 0 109
14 0 656
32 0 2790
4 0 10
13 0 152
8 0 10
24 0 1476
9 0 304
8 0 10
9 0 109
22 0 654
19 0 710
13 0 325
14 0 655
13 0 64
28 0 2414
23 0 228
23 0 1476
32 0 3940
13 0 348
28 0 832
9 0 490
14 0 436
8 0 10
27 0 516
9 0 32
4 0 10
18 0 327
13 0 32
18 0 76
23 0 195
23 0 1312
14 0 260
23 0 710
9 0 21
18 0 744
4 0 10
23 0 394
14 0 436
14 0 152
18 0 1420
14 0 196
13 0 54
14 0 765
23 0 820
18 0 42
8 0 10
22 0 348
13 0 86
14 0 130
19 0 175
13 0 10
13 0 130
18 0 196
13 0 174
14 0 153
27 0 4260
13 0 196
14 0 328
28 0 3366
13 0 30
13 0 195
19 0 525
9 0 54
14 0 197
14 0 186
4 0 10
19 0 416
23 0 591
13 0 10
23 0 195
18 0 1048
14 0 42
23 0 348
22 0 270
13 0 76
4 0 10
