8 0.0001261 53
8 0.000230217 53
12 0.00751354 413
3 1.4835e-05 5
8 0.000594375 92
8 0.00577797 376
7 7.3388e-05 10
12 8.9597e-05 59
8 1.7936e-05 59
8 4.7556e-05 59
12 0.000119282 94
12 2.0197e-05 53
12 0.00126736 236
3 5.254e-06 5
8 1.7957e-05 59
12 0.000846967 205
12 8.2673e-05 53
3 4.722e-06 5
3 3.901e-06 5
3 3.664e-06 5
3 3.715e-06 5
3 3.846e-06 5
8 1.7543e-05 59
7 2.6842e-05 10
7 1.8538e-05 10
8 0.000179652 177
8 0.000260653 116
7 5.0011e-05 10
3 4.265e-06 5
12 2.0603e-05 35
8 0.000557016 175
8 4.7553e-05 35
12 0.00358558 376
8 7.7536e-05 47
7 2.3486e-05 5
7 1.953e-05 10
12 1.9245e-05 47
7 1.8256e-05 10
3 4.379e-06 5
8 1.6155e-05 59
3 4.034e-06 5
7 1.8299e-05 10
7 2.3295e-05 10
12 0.00255674 376
8 9.293e-06 29
8 1.1007e-05 35
7 3.5427e-05 10
12 1.44e-05 47
12 1.218e-05 11
8 7.92e-06 35
3 3.017e-06 5
7 1.7486e-05 10
8 4.3043e-05 53
3 2.935e-06 5
8 4.5262e-05 59
3 3.018e-06 5
12 0.000141671 94
3 3.343e-06 5
8 0.000221947 164
3 3.278e-06 5
7 1.4261e-05 10
7 3.2913e-05 10
7 1.6827e-05 10
7 1.0634e-05 5
3 2.678e-06 5
3 2.608e-06 5
3 2.519e-06 5
8 1.2015e-05 41
8 8.359e-06 59
12 1.3958e-05 47
12 0.000829562 265
8 9.401e-06 59
8 4.586e-05 118
3 3.631e-06 5
8 8.232e-06 53
7 3.4955e-05 10
8 1.9739e-05 17
7 1.1214e-05 5
7 1.2897e-05 10
12 6.4513e-05 70
8 8.793e-06 59
7 1.7826e-05 10
7 1.1069e-05 5
3 2.866e-06 5
8 0.000736546 246
8 1.2047e-05 47
3 3.342e-06 5
12 1.4627e-05 59
12 0.000808483 212
12 0.00201044 413
7 1.5731e-05 10
3 3.514e-06 5
8 6.7494e-05 51
3 3.171e-06 5
12 3.831e-05 29
7 3.4265e-05 10
3 2.716e-06 5
7 1.6583e-05 10
3 2.782e-06 5
7 1.23e-05 10
3 2.8e-06 5
3 2.766e-06 5
7 2.9064e-05 5
12 0.000824633 265
7 3.4204e-05 10
7 3.4305e-05 10
7 1.2867e-05 10
8 2.1222e-05 35
8 4.67e-05 59
8 2.0692e-05 47
8 3.1426e-05 35
3 3.215e-06 5
12 0.00038881 188
7 1.4205e-05 10
7 3.2968e-05 10
7 1.0889e-05 5
12 0.000175969 123
8 9.592e-06 53
3 3.258e-06 5
12 1.3595e-05 59
8 1.0581e-05 5
3 2.991e-06 5
8 3.9972e-05 53
12 7.9935e-05 118
7 1.1036e-05 5
3 3.092e-06 5
12 4.7019e-05 47
12 1.4165e-05 59
3 3.066e-06 5
12 0.000411444 188
7 1.2419e-05 5
8 1.5182e-05 59
8 2.5879e-05 41
8 1.3665e-05 47
3 3.274e-06 5
7 1.1313e-05 5
3 2.883e-06 5
7 1.0409e-05 5
8 0.000370918 145
8 4.6386e-05 118
12 1.3806e-05 59
3 3.359e-06 5
8 1.1469e-05 59
12 1.2135e-05 59
3 2.996e-06 5
7 1.056e-05 5
12 4.1167e-05 23
3 3.379e-06 5
3 2.919e-06 5
7 3.019e-05 5
7 1.0496e-05 5
8 0.000126162 177
12 3.5789e-05 23
8 3.9787e-05 35
7 1.4866e-05 10
12 6.2888e-05 82
8 6.7849e-05 59
7 3.4055e-05 10
12 0.000151146 105
3 3.483e-06 5
3 2.725e-06 5
7 1.168e-05 5
12 6.8182e-05 94
12 0.000240085 177
12 0.000341026 164
3 3.52e-06 5
7 1.2015e-05 5
7 1.3163e-05 10
7 9.559e-06 5
8 4.6904e-05 59
7 3.3586e-05 10
8 8.168e-06 23
12 0.000472356 236
3 3.643e-06 5
7 1.8209e-05 10
7 1.6396e-05 10
8 1.2013e-05 53
3 2.866e-06 5
12 1.3983e-05 47
7 3.2545e-05 10
3 2.77e-06 5
12 8.6312e-05 51
8 8.631e-06 47
12 4.1584e-05 23
8 0.000266531 236
8 0.000127305 177
3 3.549e-06 5
7 1.8487e-05 10
3 2.938e-06 5
8 8.708e-06 41
8 3.2996e-05 59
12 8.0936e-05 118
3 3.409e-06 5
3 2.673e-06 5
8 1.402e-05 17
3 2.901e-06 5
12 0.000123099 69
7 3.4476e-05 10
7 1.6598e-05 10
7 1.1042e-05 5
8 0.000202167 140
7 1.5816e-05 5
3 2.916e-06 5
3 2.719e-06 5
3 2.791e-06 5
8 8.336e-06 29
3 2.796e-06 5
12 1.4015e-05 41
8 1.1634e-05 59
3 3.082e-06 5
7 1.1451e-05 5
7 1.7292e-05 10
12 8.7364e-05 118
7 1.7891e-05 10
8 8.785e-06 53
12 1.3128e-05 59
7 1.3208e-05 10
7 1.0996e-05 5
3 2.967e-06 5
8 3.5861e-05 70
3 3.142e-06 5
7 3.2766e-05 10
8 2.6403e-05 34
8 1.1255e-05 53
12 0.00133007 354
3 3.661e-06 5
8 0.000116626 159
7 1.4534e-05 10
7 1.5573e-05 5
3 2.71e-06 5
8 1.1779e-05 47
8 2.1038e-05 22
7 3.0795e-05 5
12 1.2305e-05 5
8 1.1618e-05 59
3 3.196e-06 5
8 8.017e-06 41
8 7.69e-06 47
7 1.1529e-05 5
8 1.0824e-05 59
3 2.907e-06 5
7 1.522e-05 5
8 0.001278 329
7 1.8109e-05 10
8 8.672e-06 59
12 0.000727718 235
8 0.00316989 531
7 1.4957e-05 10
12 0.00201121 371
7 1.9299e-05 10
12 0.000181941 123
7 1.2172e-05 5
3 3.213e-06 5
3 2.725e-06 5
7 3.2367e-05 5
12 0.00213166 376
7 1.8734e-05 10
3 2.958e-06 5
12 0.00275751 424
7 3.2825e-05 10
7 9.862e-06 5
7 4.4226e-05 10
7 1.238e-05 10
12 0.000473469 123
8 0.00188144 376
3 3.552e-06 5
12 0.000396354 164
12 5.1875e-05 46
8 2.398e-05 53
8 0.000207449 140
8 0.00202896 424
8 4.7869e-05 59
8 0.000105127 141
3 3.462e-06 5
8 4.1215e-05 53
8 0.00192399 376
3 3.31e-06 5
3 2.569e-06 5
8 5.7167e-05 106
8 3.8489e-05 94
7 1.2319e-05 5
8 1.0047e-05 5
3 3.073e-06 5
12 8.1015e-05 118
7 1.6409e-05 5
3 2.723e-06 5
12 0.000377754 188
8 2.0329e-05 41
8 0.000466428 265
3 3.598e-06 5
8 8.358e-06 35
12 8.6576e-05 118
7 1.4173e-05 10
12 0.00155332 287
8 3.8718e-05 82
7 1.8714e-05 10
7 1.1145e-05 5
7 1.0149e-05 5
3 2.863e-06 5
8 0.000204371 116
7 1.172e-05 5
7 1.7024e-05 10
3 2.816e-06 5
12 0.000131846 87
12 7.5108e-05 94
8 3.3684e-05 59
3 3.165e-06 5
8 0.000878714 354
7 1.3128e-05 5
3 3.127e-06 5
12 1.385e-05 53
7 1.118e-05 5
8 1.5394e-05 53
3 3.086e-06 5
8 0.000128212 177
3 3.196e-06 5
7 1.162e-05 5
12 0.00252089 376
7 3.2212e-05 5
3 2.753e-06 5
3 2.612e-06 5
3 2.532e-06 5
8 8.93e-06 47
3 2.64e-06 5
8 2.0323e-05 53
12 9.5429e-05 118
8 0.000223417 140
3 3.586e-06 5
8 0.000109426 141
3 3.186e-06 5
7 1.1423e-05 5
3 2.994e-06 5
7 1.1494e-05 5
12 1.6474e-05 29
12 5.3707e-05 59
7 1.5373e-05 5
3 2.712e-06 5
8 4.1876e-05 82
7 1.763e-05 10
12 1.3682e-05 29
3 3.056e-06 5
12 9.2716e-05 118
8 2.1562e-05 41
12 6.8672e-05 94
7 1.2356e-05 5
8 1.4505e-05 53
7 1.0492e-05 5
12 1.3952e-05 59
3 3.074e-06 5
8 0.00070276 210
12 1.4837e-05 47
7 1.1466e-05 5
3 3.071e-06 5
12 8.8249e-05 118
12 0.000843371 295
7 1.8634e-05 10
7 3.2665e-05 10
7 3.1254e-05 10
7 1.0294e-05 5
7 1.5883e-05 10
12 0.00215982 413
7 1.2883e-05 5
12 0.000500057 236
8 1.586e-05 53
7 3.4698e-05 10
7 3.4619e-05 10
12 0.00135309 287
8 1.2312e-05 59
12 2.8744e-05 59
7 3.4107e-05 10
12 0.000149672 87
12 0.000441062 212
7 1.4274e-05 10
8 1.2125e-05 59
3 3.304e-06 5
8 4.3182e-05 94
12 6.3309e-05 82
7 1.204e-05 5
12 0.000125561 69
3 3.5e-06 5
3 3.065e-06 5
12 1.3504e-05 59
12 1.1763e-05 53
12 7.4805e-05 94
8 2.7331e-05 47
7 1.2123e-05 5
8 0.000189981 116
12 9.572e-05 82
3 3.653e-06 5
8 0.00206019 424
12 0.000486327 212
12 7.2503e-05 82
7 1.2677e-05 5
7 3.3793e-05 10
8 1.2288e-05 53
7 2.047e-05 10
3 2.863e-06 5
12 1.5859e-05 59
12 0.000138459 70
3 3.636e-06 5
8 2.0587e-05 29
12 0.00124982 318
3 4.125e-06 5
8 4.873e-05 118
7 1.6436e-05 5
8 0.000118867 159
3 3.448e-06 5
3 2.775e-06 5
7 3.1816e-05 5
3 2.645e-06 5
12 0.000927729 295
8 1.2886e-05 53
8 7.0878e-05 59
8 2.5514e-05 23
8 0.00298364 477
7 1.2535e-05 5
12 0.000179273 123
8 0.00043688 235
12 0.00063715 205
8 2.073e-05 47
7 3.6566e-05 10
7 1.2712e-05 10
7 1.1956e-05 10
3 2.88e-06 5
7 3.1115e-05 10
3 2.678e-06 5
8 1.493e-05 53
3 2.797e-06 5
12 5.6515e-05 59
8 5.857e-05 53
8 1.5934e-05 11
12 1.3617e-05 53
8 7.606e-06 47
12 8.3196e-05 118
12 5.5399e-05 70
12 1.1342e-05 5
12 1.2547e-05 59
8 4.6966e-05 47
12 1.3082e-05 35
7 1.3804e-05 10
3 3.094e-06 5
3 2.689e-06 5
8 8.133e-06 53
3 2.865e-06 5
8 1.0762e-05 41
3 2.817e-06 5
12 5.2233e-05 53
3 3.015e-06 5
7 1.7592e-05 10
8 0.000104083 87
8 1.5587e-05 59
7 1.6695e-05 5
3 2.725e-06 5
3 2.576e-06 5
12 0.000166414 118
12 1.3409e-05 41
7 1.7584e-05 10
3 2.839e-06 5
12 1.5108e-05 59
7 1.1538e-05 5
12 1.2385e-05 53
3 2.975e-06 5
8 4.727e-05 59
12 0.00040228 141
7 1.2116e-05 5
7 3.2216e-05 5
3 2.877e-06 5
7 1.6998e-05 10
3 2.904e-06 5
3 2.76e-06 5
12 1.4533e-05 53
8 2.1104e-05 53
8 1.0651e-05 17
7 1.1397e-05 5
8 4.6061e-05 53
12 7.8135e-05 106
7 2.1452e-05 10
12 1.4125e-05 59
12 6.7422e-05 94
8 3.6433e-05 59
8 1.9362e-05 59
7 1.1625e-05 5
8 1.891e-05 35
3 3.361e-06 5
8 4.4503e-05 82
7 1.806e-05 10
12 7.4554e-05 94
12 5.5535e-05 59
8 3.3086e-05 41
7 1.3963e-05 10
3 3.187e-06 5
3 2.769e-06 5
8 1.4429e-05 47
12 0.000152442 105
3 3.466e-06 5
8 4.5733e-05 41
3 3.077e-06 5
12 8.5871e-05 94
8 2.1576e-05 47
3 3.166e-06 5
3 2.913e-06 5
3 2.744e-06 5
7 1.1924e-05 5
12 8.5954e-05 118
7 1.418e-05 10
3 3.098e-06 5
7 1.123e-05 5
12 1.2704e-05 29
8 0.000819105 318
8 8.365e-06 23
3 3.195e-06 5
12 0.00102829 246
7 1.844e-05 10
12 1.3946e-05 59
3 2.92e-06 5
7 1.7392e-05 5
3 2.789e-06 5
3 2.624e-06 5
3 2.453e-06 5
7 1.2803e-05 10
7 3.2614e-05 10
3 2.828e-06 5
7 1.2291e-05 10
3 2.642e-06 5
12 0.000227125 177
8 2.1963e-05 53
8 0.000414559 205
8 0.00215004 472
7 5.3378e-05 5
3 2.93e-06 5
3 2.634e-06 5
3 2.446e-06 5
3 2.54e-06 5
7 3.2418e-05 10
7 1.6548e-05 10
3 2.73e-06 5
8 4.2395e-05 94
8 8.808e-06 59
8 2.7202e-05 59
8 0.00309696 531
7 1.8513e-05 10
3 2.798e-06 5
12 1.4716e-05 59
7 1.2638e-05 10
8 2.5907e-05 34
12 0.00015275 106
8 4.7954e-05 41
3 3.196e-06 5
7 1.3905e-05 10
3 2.786e-06 5
3 2.61e-06 5
12 0.000146507 105
7 1.3578e-05 10
3 5.139e-06 5
3 2.807e-06 5
12 0.000238086 177
8 7.581e-05 69
3 3.248e-06 5
3 2.715e-06 5
7 3.3233e-05 10
12 0.000266129 118
12 0.0019143 413
12 0.00131288 354
12 0.00126418 318
12 1.4651e-05 17
12 8.7909e-05 106
7 1.25e-05 5
8 6.0775e-05 59
3 3.436e-06 5
7 2.1239e-05 10
7 1.1154e-05 5
7 3.2922e-05 10
8 0.00303892 531
12 0.000590546 205
3 3.472e-06 5
12 0.000117285 70
8 9.388e-06 59
8 0.00084563 354
3 3.427e-06 5
12 0.000464599 236
8 0.00024277 212
7 1.4342e-05 10
12 1.29e-05 5
12 3.6661e-05 22
7 1.2834e-05 10
12 0.00013422 70
7 1.1828e-05 5
3 3.088e-06 5
12 0.000227192 177
3 3.305e-06 5
7 3.3701e-05 10
7 3.3202e-05 10
3 2.693e-06 5
3 2.47e-06 5
8 3.5351e-05 70
12 0.000259558 177
7 3.4302e-05 10
3 3.02e-06 5
3 2.69e-06 5
8 3.783e-05 70
8 1.0749e-05 23
12 5.9184e-05 59
3 3.272e-06 5
8 1.4704e-05 59
12 0.000217191 92
3 3.666e-06 5
12 1.377e-05 59
12 0.000842138 295
7 1.9206e-05 10
8 3.4921e-05 58
3 3.337e-06 5
8 3.6247e-05 47
3 2.858e-06 5
8 7.016e-06 11
8 7.652e-06 47
3 2.74e-06 5
3 2.467e-06 5
12 4.5683e-05 22
8 2.7363e-05 59
3 3.208e-06 5
12 1.3183e-05 35
8 1.1585e-05 59
8 1.9671e-05 47
7 1.1164e-05 5
3 2.99e-06 5
12 8.8502e-05 118
7 3.4676e-05 10
7 3.6053e-05 5
7 1.2901e-05 10
7 1.4418e-05 5
12 1.2274e-05 17
8 8.194e-06 29
7 1.6347e-05 5
12 0.000830941 265
8 6.9591e-05 51
7 1.4614e-05 10
7 3.0784e-05 5
12 0.000436489 212
3 3.562e-06 5
12 0.00101482 246
12 0.000818312 295
8 1.5147e-05 59
3 3.178e-06 5
8 1.3858e-05 53
8 2.357e-05 22
3 3.021e-06 5
12 1.3322e-05 59
12 0.000496542 236
8 0.000164644 92
8 3.2356e-05 47
8 0.00191432 376
8 3.4684e-05 35
12 0.00150032 329
3 3.507e-06 5
3 2.687e-06 5
3 2.436e-06 5
3 1.7476e-05 5
3 2.608e-06 5
7 3.4245e-05 10
7 1.2694e-05 10
7 3.4893e-05 10
3 2.612e-06 5
12 0.00042956 188
8 9.258e-06 53
7 1.197e-05 5
7 1.3399e-05 10
7 1.2282e-05 10
12 0.00144347 354
12 8.6999e-05 118
3 3.468e-06 5
12 1.3873e-05 59
12 2.6968e-05 17
3 3.076e-06 5
3 2.756e-06 5
3 2.625e-06 5
7 1.816e-05 10
12 0.000229475 177
7 1.2124e-05 5
12 0.000202127 141
7 1.4149e-05 10
3 3.25e-06 5
3 2.97e-06 5
12 0.000766074 265
7 1.8147e-05 10
8 8.328e-06 35
3 2.875e-06 5
3 2.545e-06 5
3 2.626e-06 5
7 3.4588e-05 10
3 2.772e-06 5
7 1.6532e-05 10
7 1.2642e-05 10
12 1.4096e-05 59
3 2.973e-06 5
3 2.641e-06 5
3 2.5e-06 5
7 1.9588e-05 10
3 2.792e-06 5
12 8.6566e-05 118
7 3.3731e-05 10
12 0.000225004 159
3 3.299e-06 5
7 1.3771e-05 10
3 2.864e-06 5
8 2.7245e-05 41
12 0.000433631 212
3 3.537e-06 5
7 3.0871e-05 5
12 6.022e-05 70
7 3.3128e-05 10
8 0.000401069 175
8 0.000187555 116
3 3.454e-06 5
12 0.000124296 69
8 1.4071e-05 23
8 2.6317e-05 47
7 1.8974e-05 10
3 3.141e-06 5
3 2.826e-06 5
8 0.00011654 159
3 3.083e-06 5
8 8.589e-06 59
3 2.893e-06 5
7 1.5386e-05 5
3 2.619e-06 5
12 1.4203e-05 59
3 2.773e-06 5
8 8.24e-06 53
3 2.887e-06 5
7 1.3701e-05 10
12 0.000156123 105
7 1.7531e-05 10
8 7.172e-06 11
8 3.8193e-05 41
7 1.3293e-05 10
7 3.0023e-05 5
12 0.001791 371
7 1.2596e-05 5
12 0.000112244 106
8 3.9682e-05 59
12 8.3055e-05 118
7 1.8441e-05 10
7 1.0826e-05 5
7 9.391e-06 5
3 2.93e-06 5
8 4.9431e-05 53
8 1.0255e-05 5
8 9.449e-06 5
12 1.3426e-05 53
12 0.000924148 246
3 3.836e-06 5
3 2.811e-06 5
3 2.73e-06 5
12 0.000493235 177
3 3.631e-06 5
3 2.758e-06 5
8 5.672e-05 53
8 3.195e-05 59
7 3.5806e-05 10
12 0.000754437 265
12 1.4795e-05 47
7 1.8438e-05 10
3 2.939e-06 5
12 0.000312978 177
12 0.000127992 118
8 2.7584e-05 53
7 3.7077e-05 10
3 2.949e-06 5
3 2.727e-06 5
7 3.1117e-05 5
12 5.7543e-05 70
7 2.5318e-05 10
7 2.9789e-05 5
8 1.264e-05 53
12 0.000249207 177
8 8.75e-06 35
3 3.206e-06 5
3 2.819e-06 5
3 2.707e-06 5
8 3.5299e-05 41
7 1.1341e-05 5
8 1.2112e-05 59
8 1.0759e-05 53
8 4.5736e-05 118
3 3.387e-06 5
12 9.4095e-05 118
7 3.3255e-05 5
3 2.845e-06 5
3 2.754e-06 5
12 0.00133697 354
12 8.7206e-05 118
7 1.5243e-05 5
8 1.4597e-05 29
8 2.1956e-05 35
7 1.1647e-05 5
8 1.131e-05 47
3 3.146e-06 5
12 1.3695e-05 59
7 1.3942e-05 10
8 1.1476e-05 53
3 3.076e-06 5
3 2.798e-06 5
7 2.3429e-05 10
12 0.00117113 282
7 1.2365e-05 5
3 3.036e-06 5
7 1.011e-05 5
3 2.998e-06 5
12 0.000393325 141
7 1.393e-05 10
8 2.0938e-05 59
7 1.9368e-05 10
3 2.789e-06 5
3 2.607e-06 5
3 2.625e-06 5
3 2.446e-06 5
3 2.549e-06 5
7 1.6127e-05 10
8 1.1583e-05 59
12 0.000168105 105
8 2.2623e-05 22
7 1.1836e-05 5
3 3.041e-06 5
12 1.6627e-05 59
7 3.0062e-05 5
7 1.6869e-05 10
7 1.0836e-05 5
7 1.6189e-05 10
3 2.787e-06 5
7 1.6872e-05 5
12 0.00091196 210
8 9.025e-06 23
12 1.3596e-05 59
12 8.8263e-05 118
8 8.724e-06 53
3 3.308e-06 5
7 3.4416e-05 10
8 5.6627e-05 53
3 3.078e-06 5
3 2.665e-06 5
7 3.3577e-05 10
8 9.6051e-05 105
12 0.00242247 376
12 0.000589294 205
8 0.000232988 188
7 3.4215e-05 10
12 0.00212281 413
3 3.485e-06 5
8 4.6846e-05 29
12 7.8638e-05 118
12 8.009e-05 106
3 3.613e-06 5
3 2.93e-06 5
3 2.714e-06 5
12 7.3231e-05 58
12 0.000229071 177
8 0.00302219 531
7 3.3371e-05 10
12 8.8383e-05 51
12 1.3108e-05 59
3 3.134e-06 5
12 1.1724e-05 23
8 8.4835e-05 87
3 3.239e-06 5
8 0.000382501 175
12 6.8424e-05 82
3 3.31e-06 5
12 0.000220418 177
8 4.4919e-05 118
8 0.000461199 265
8 8.036e-06 29
7 1.2187e-05 5
3 3.148e-06 5
7 3.2673e-05 10
8 0.000120978 177
7 1.3193e-05 10
7 1.0777e-05 5
12 1.4276e-05 47
7 1.0695e-05 5
7 1.246e-05 10
7 1.0339e-05 5
3 2.996e-06 5
3 2.724e-06 5
7 2.807e-05 5
12 2.9493e-05 59
8 3.871e-05 82
8 1.1639e-05 59
7 1.7397e-05 10
3 2.813e-06 5
3 2.746e-06 5
7 1.2659e-05 10
8 1.1175e-05 53
12 0.00148856 354
3 3.612e-06 5
12 8.5283e-05 51
7 1.1737e-05 5
7 1.067e-05 5
8 0.000837034 318
12 5.7998e-05 53
7 1.8601e-05 10
12 0.00169181 329
3 4.055e-06 5
12 1.4451e-05 35
12 6.6325e-05 82
8 8.087e-06 35
8 2.7277e-05 23
8 1.0663e-05 23
7 1.4272e-05 10
12 0.000876908 295
7 3.5246e-05 10
7 1.8703e-05 10
8 9.063e-06 53
8 7.686e-06 59
8 7.416e-06 59
3 2.952e-06 5
12 1.3875e-05 53
12 1.233e-05 41
3 2.95e-06 5
7 3.8476e-05 10
12 7.1881e-05 53
7 3.3506e-05 10
12 0.000234665 177
7 1.8292e-05 10
7 1.4307e-05 5
7 1.3014e-05 5
3 2.885e-06 5
12 0.002715 424
12 1.329e-05 35
8 2.6777e-05 59
3 3.215e-06 5
12 1.3218e-05 59
8 7.484e-06 29
8 1.0347e-05 41
7 1.1391e-05 5
8 0.00445629 590
7 1.845e-05 10
12 2.8376e-05 41
8 1.4637e-05 47
12 0.0026156 472
7 3.1862e-05 5
3 2.5e-06 5
12 1.3577e-05 59
7 4.6343e-05 10
7 9.603e-06 5
8 0.000185259 92
12 1.4015e-05 23
12 0.0011412 212
7 1.155e-05 5
7 4.7255e-05 10
3 2.687e-06 5
7 1.2754e-05 10
12 0.000157576 118
8 0.000101251 123
12 1.3576e-05 29
12 1.2196e-05 47
12 0.000875508 295
8 0.000831436 354
12 3.7608e-05 17
7 3.6034e-05 10
12 0.000804353 210
3 3.719e-06 5
3 2.687e-06 5
7 1.2052e-05 5
3 2.783e-06 5
3 2.546e-06 5
3 2.772e-06 5
12 8.4296e-05 106
7 1.1625e-05 5
3 2.964e-06 5
3 2.682e-06 5
3 2.657e-06 5
3 2.561e-06 5
12 1.6104e-05 41
12 0.00273792 472
12 1.3949e-05 53
8 0.000458534 265
8 2.0945e-05 47
7 1.152e-05 5
7 3.5238e-05 10
3 2.765e-06 5
8 1.1207e-05 23
8 1.904e-05 17
12 0.000481495 212
3 3.766e-06 5
3 2.767e-06 5
12 0.00356229 531
3 3.53e-06 5
8 1.1305e-05 35
12 0.000421651 105
3 3.493e-06 5
12 0.000429097 159
3 3.502e-06 5
3 2.77e-06 5
12 8.2277e-05 118
12 0.000386893 188
3 3.606e-06 5
3 2.818e-06 5
3 2.587e-06 5
8 3.076e-05 46
7 1.2834e-05 5
