19 142
14 59
23 177
27 34
13 350
18 53
13 188
14 994
13 5
9 23
18 106
18 226
18 44
22 2596
23 177
27 371
28 65
14 355
22 87
18 94
14 339
19 236
4 5
23 175
13 82
23 212
13 17
22 615
27 246
23 65
4 5
13 424
19 265
9 17
9 10
8 5
4 5
13 10
9 5
23 3237
14 58
19 141
9 235
22 118
14 107
13 51
4 5
4 5
9 236
23 1078
22 2596
13 10
27 1582
28 154
27 105
9 10
23 590
27 236
4 5
9 51
8 5
9 34
9 59
24 1313
18 82
14 35
9 41
4 5
4 5
17 5
14 46
9 53
23 445
13 265
28 177
13 53
27 235
14 175
18 1430
14 101
14 53
9 59
4 5
18 123
14 11
27 101
13 35
14 475
27 606
23 249
9 35
28 71
13 848
4 5
13 82
8 10
18 47
18 113
23 212
18 290
18 475
23 123
13 15
8 10
18 87
9 23
18 332
18 994
32 415
14 249
8 5
24 142
13 10
9 5
22 5
23 94
18 235
13 59
9 59
9 59
27 94
23 177
9 177
18 83
22 656
18 59
23 71
23 1078
18 35
19 214
23 59
22 85
9 10
28 77
22 615
23 159
13 236
13 35
9 41
14 65
32 213
14 22
13 15
9 11
13 328
9 17
27 164
13 164
13 35
8 5
27 531
14 47
8 5
14 428
4 5
23 118
14 41
23 177
9 212
18 267
27 53
9 53
9 41
27 616
13 5
4 5
22 159
18 852
18 154
18 82
13 11
18 58
14 82
4 5
23 41
22 87
14 70
17 15
13 87
9 118
22 159
13 47
27 175
13 35
18 267
23 3422
13 232
9 23
14 249
18 623
14 118
18 94
32 205
27 318
19 539
13 59
18 246
14 68
23 106
19 141
14 159
9 205
13 58
19 159
19 118
14 11
9 175
24 385
13 5
13 118
18 47
4 5
14 210
13 41
18 159
13 656
8 5
17 15
8 10
19 101
14 77
14 71
9 41
28 585
13 280
18 44
18 159
28 321
18 116
23 178
19 53
9 23
23 249
4 5
13 123
9 59
13 47
13 51
13 68
27 354
22 329
23 747
13 41
14 22
18 141
18 303
8 10
24 426
18 231
4 5
13 82
14 77
23 462
14 70
32 308
4 5
19 47
8 10
19 188
18 1177
13 82
17 15
9 47
8 0
27 9844
27 520
9 35
13 376
24 356
4 5
14 177
22 118
8 5
18 59
14 188
9 82
9 53
32 41
8 5
13 118
8 5
8 10
22 177
9 59
23 107
23 535
13 59
4 5
19 190
8 5
9 58
13 5
24 321
27 236
18 164
22 164
8 5
27 470
4 5
19 178
9 23
23 23
13 116
14 53
23 154
14 118
9 59
14 51
9 59
23 213
23 59
13 106
22 94
9 175
14 89
27 295
18 1284
18 69
18 213
23 664
9 59
8 10
13 59
27 236
4 5
13 47
24 249
23 236
14 77
9 159
19 295
9 35
23 1040
24 65
27 1425
4 5
14 59
23 118
14 77
14 58
9 59
18 59
18 35
8 5
13 11
13 106
27 4094
22 354
9 106
13 94
18 11
4 5
8 10
18 611
14 29
13 10
9 53
4 5
13 752
22 159
9 58
9 59
9 159
13 10
9 51
19 205
13 10
18 118
17 10
22 51
14 83
9 47
13 944
8 5
18 177
23 321
14 94
19 202
9 145
13 11
24 505
14 106
19 1652
13 82
32 177
8 5
14 106
4 5
14 226
9 59
23 94
22 159
27 531
23 385
4 5
28 321
13 20
23 213
13 5
19 332
13 59
13 5
17 20
9 53
14 226
18 236
9 29
17 10
22 106
13 10
13 10
14 475
23 59
8 5
9 35
27 282
18 1162
19 87
19 1494
14 154
13 53
9 58
18 66
28 355
18 747
14 23
22 106
8 5
4 5
13 177
23 59
9 53
9 5
9 118
13 10
13 82
19 520
18 47
13 87
13 10
14 141
9 236
13 235
22 118
23 141
18 95
13 118
13 22
13 47
13 376
22 41
14 415
14 59
18 23
9 46
18 51
4 5
27 107
13 59
4 5
13 354
9 118
8 5
13 123
9 29
23 101
4 5
22 318
4 5
9 35
22 140
13 53
14 385
23 10
23 1829
9 53
23 70
18 130
23 188
8 10
28 1420
32 95
27 195
4 5
13 59
9 41
18 51
13 175
9 59
14 53
18 445
18 94
27 130
9 10
4 5
22 177
24 445
13 10
23 428
9 5
9 164
9 10
27 3816
17 20
9 10
13 10
13 164
18 10
4 5
28 539
17 10
14 53
4 5
4 5
14 282
4 5
13 23
14 95
27 10
9 29
18 164
13 10
8 10
18 58
17 10
9 92
18 475
28 22523
24 154
9 140
14 94
13 106
18 46
18 94
22 354
14 235
14 332
22 210
4 5
27 58
9 35
9 58
22 188
18 118
8 10
4 5
23 41
14 164
19 177
18 140
22 212
13 159
8 5
23 380
18 82
18 145
8 10
18 68
28 123
8 5
14 94
27 101
13 106
9 59
14 11
23 17
13 105
13 10
19 295
14 235
18 106
17 15
22 328
4 5
9 53
9 23
23 355
18 177
18 308
22 94
22 53
28 71
14 77
8 5
13 58
23 154
18 94
18 89
9 47
8 10
22 177
18 470
9 10
9 53
19 58
13 53
23 177
8 5
22 295
9 29
4 5
9 118
14 77
9 145
32 164
13 59
13 59
4 5
19 3640
18 77
8 10
8 5
9 10
14 59
19 35
23 142
14 83
14 17
13 44
13 15
18 177
23 2485
13 59
13 35
18 118
19 190
18 51
14 413
27 177
9 10
4 5
13 59
27 749
18 89
14 267
18 284
9 41
4 5
14 83
18 106
28 445
18 212
28 517
28 428
13 123
23 355
9 235
13 29
24 89
23 642
4 5
14 175
17 15
18 95
14 59
18 184
18 404
9 29
18 118
8 5
18 195
22 177
23 89
18 371
17 10
18 924
13 53
9 5
4 5
13 205
24 107
4 5
18 77
9 23
23 205
9 29
28 2656
9 59
8 0
23 1245
14 94
14 77
8 10
23 3816
19 35
13 23
23 636
23 35
9 23
24 380
27 356
27 462
14 354
18 47
9 188
19 142
23 539
4 5
18 159
9 11
13 41
14 65
9 59
8 5
18 470
23 236
13 472
23 59
28 214
18 428
19 59
32 59
9 41
9 59
13 5
23 177
13 92
4 5
8 5
28 130
19 159
13 58
13 59
13 34
14 159
4 5
18 321
13 184
22 118
14 226
14 236
4 5
9 29
27 177
4 5
18 154
9 35
23 282
13 82
19 923
23 265
14 101
22 177
23 3959
17 15
9 35
28 1078
23 105
13 118
9 10
4 5
4 5
24 535
4 5
8 10
23 742
18 22
18 329
18 5300
13 118
9 29
14 570
22 212
27 1068
9 29
27 89
13 590
22 2068
17 5
14 94
18 130
9 159
9 23
14 212
28 445
13 472
22 826
18 34
19 260
14 83
23 22
27 2002
27 3080
19 177
17 10
13 472
9 145
9 17
4 5
13 22
27 69
18 611
27 101
8 5
14 107
14 140
13 29
4 5
23 195
18 245
27 35
14 284
18 2773
9 10
22 212
19 41
14 246
9 58
18 105
4 5
24 2314
13 47
28 332
13 82
18 354
8 5
8 0
8 5
18 130
18 385
4 5
19 1111
22 406
32 2926
13 1696
8 5
22 177
18 159
18 106
8 5
9 47
14 29
23 428
23 428
18 106
18 51
13 235
4 5
9 265
14 154
14 101
13 159
9 59
13 94
9 5
18 565
4 5
19 235
19 188
4 5
24 332
18 15
18 235
9 5
13 94
4 5
4 5
9 141
13 1888
13 82
14 284
13 41
14 177
18 92
9 23
8 10
27 46
13 35
23 2490
23 51
13 159
22 177
8 10
19 53
23 16376
18 58
18 113
18 141
23 159
9 23
27 455
19 118
13 212
4 5
9 41
18 318
9 47
13 118
23 428
13 11
13 94
13 140
19 159
4 5
19 53
8 5
13 59
13 47
13 15
14 355
14 130
13 118
18 105
9 10
14 77
9 145
18 178
8 5
4 5
13 23
17 30
13 188
14 59
24 295
28 77
13 368
18 581
9 69
22 174
14 51
14 145
8 10
18 154
9 10
22 33
4 5
14 113
8 10
23 2914
13 94
18 141
22 118
27 53
18 231
13 102
18 118
9 5
9 59
32 8181
4 5
13 140
4 5
13 106
24 71
23 1349
23 141
18 140
4 5
18 53
22 47
4 5
14 113
13 59
4 5
23 178
28 321
18 236
4 5
13 11
19 47
23 10
19 505
14 106
14 59
18 295
4 5
13 5
9 17
13 175
23 71
13 70
19 159
8 10
23 267
9 82
27 770
8 0
22 11
8 10
8 5
23 665
27 53
13 29
13 10
18 190
9 94
4 5
9 5
9 47
17 15
4 5
9 5
9 59
18 130
27 470
13 116
32 23
8 5
14 213
23 202
