18 15324 708
9 22 41
14 694 175
19 196 166
23 84 77
27 1166 354
14 323 177
23 765786 1691
8 42 10
19 298 159
14 69 65
13 94 59
9 82 59
8 28 10
22 343 177
9 21 29
27 1670 354
23 101 89
13 28 59
13 206 20
9 37 59
4 3 5
18 93 46
18 1206 246
27 34001 1908
14 876 235
19 3962 665
28 34453 1605
18 66 59
13 79 34
13 1655 354
24 66 113
4 13 5
13 132 106
18 6597 705
8 40 10
27 2055 354
9 355 236
14 42 113
13 28 17
23 3014 445
19 1693 385
18 1452 445
17 106 20
18 166 166
9 20 59
27 119735 3550
28 1465 498
13 213 20
28 1111 452
22 5492 658
8 26 5
18 1777 426
22 168 51
9 20 59
18 3156010 4361
27 36111 2314
27 192 154
18 580 164
9 39 10
13 56 15
13 40 41
32 858 356
4 14 5
8 48 0
13 33 47
9 612 295
24 153 166
9 192 159
18 1248 535
9 20 59
13 112 10
18 160 51
14 112 101
14 208 231
9 37 47
18 213 159
9 250 140
8 25 5
23 270 177
19 3741 665
22 2543 424
28 184308 3230
17 136 5
4 13 5
9 10 5
28 11096 1130
17 75 10
18 136 59
18 377 140
14 44 11
4 3 5
18 92 59
23 5295 424
13 30 29
9 13 59
8 13 5
23 843 308
14 18 101
13 81 10
13 109 82
14 9883 693
9 24 59
13 71 41
13 146 15
14 2259 539
14 406 106
8 49 10
18 498 116
14 309 68
8 49 10
19 66 59
18 7411 795
9 67 53
23 299 321
18 142 29
18 40 101
19 155 118
19 982 404
18 134 94
14 4809 712
23 504 339
23 3437193 19635
9 67 59
13 141 118
13 573 236
9 24 59
18 770 428
24 23685 1155
13 39 5
13 111 118
4 3 5
18 161 106
18 100 106
27 113 106
9 106 69
14 107 82
17 72 15
23 61258 2759
13 278 82
13 44 23
9 19 17
13 14546 954
14 527 145
27 401 285
9 80 106
22 160 118
13 64 10
18 43 83
22 21064 1081
22 162 118
23 80 59
4 12 5
17 104 20
9 19 5
18 584 235
18 68 101
13 942 265
13 258 212
9 23 5
18 4119 791
28 195 130
8 24 5
9 20 59
18 372 140
27 14431555 12905
9 820 210
8 32 10
9 347 236
28 795 332
18 950 295
14 46 65
13 465 145
18 652 236
9 65 82
9 39 29
9 32 53
13 39 59
18 1404 295
4 6 5
9 1401 287
4 5 5
13 99391 3776
18 201 53
13 121 106
18 209 53
28 138 77
14 300 106
4 5 5
9 94 59
27 994 355
13 38 59
13 18463 1312
23 1901 371
13 934 265
9 37 10
19 1183 355
8 27 5
23 218 154
27 807 415
18 6588 712
8 54 10
9 583 265
4 15 5
9 18 59
9 71 10
17 65 5
4 17 5
4 3 5
8 31 5
9 261 140
8 24 5
23 3554 424
9 1478 329
8 70 10
13 93 82
24 3497 581
4 14 5
13 50 59
4 12 5
9 2352 424
27 1229 295
18 19239 1520
18 3461085 5073
14 372 285
4 16 5
14 16434 1177
14 1564 308
8 28 5
13 270 141
8 31 10
9 332 212
4 5 5
23 143 51
4 15 5
18 932 325
19 217 106
9 27 5
19 27 107
9 103 47
28 1351 390
14 1291 475
9 29 59
13 234 164
19 35463 1712
19 188 202
13 67 58
19 8746 590
14 724 235
18 382 177
18 16739 1246
9 3457 477
13 1257 424
14 119 82
14 280 159
13 310 188
23 937 295
13 31 59
8 97 10
13 3783 560
9 24 59
23 5192 649
13 56 15
19 155 118
23 529 452
13 127 58
23 345 195
22 258 44
23 13596 1245
18 152 118
14 2165 371
18 51479 1498
14 33653 1356
13 119 118
19 9233 791
9 39 10
13 36 59
9 102 106
18 2821 472
27 180473 4814
19 1092 325
13 282 159
23 15192 944
17 279 30
13 98 5
27 9215 609
13 51 15
8 48 10
9 26 11
23 4020 118
9 69 94
8 37 5
13 115 15
19 44 53
18 697 210
14 86 89
13 93 10
9 35 59
13 104 10
9 23 10
13 58 35
23 6251 636
9 16 35
18 1047 354
28 255 59
8 52 10
18 497 249
4 16 5
9 16 59
24 66 41
9 190 159
24 115 107
14 113 101
28 1796501 6161
19 312 177
14 97 70
9 31 53
9 95 59
18 116 94
23 155 118
18 1414 565
9 31 10
9 45 41
18 6483 742
9 284 164
23 1590 535
9 3583 531
8 27 5
8 19 10
13 3439 420
18 6564 531
4 16 5
18 5467 477
19 92 107
9 40 10
4 5 5
23 968 205
4 5 5
24 29264 1425
9 66 82
18 314 140
23 86 107
8 42 10
14 241 123
14 166 87
8 52 10
13 271 212
14 369 231
13 461 188
13 254 141
4 15 5
23 5290 328
23 283521 5518
14 253 141
22 1904 282
9 30 59
13 225 94
13 775 205
9 52 53
18 131 46
13 30 59
28 932 260
18 2153 410
13 166 5
28 1143 385
9 2263 376
13 387 140
32 13583 1425
18 43 71
8 17 5
22 10908 820
9 35 5
18 235 214
4 16 5
14 4622 531
24 2060 570
23 673 284
22 2153 210
9 2335 424
18 7177 649
13 71 22
9 27 41
4 5 5
19 175 118
14 13765 747
27 3369 590
28 240 202
18 70 46
4 5 5
14 148 190
23 301 177
13 895 328
14 6127 497
13 3679 477
32 12313 1246
24 964 428
14 758 445
14 960 380
13 243 164
8 27 5
18 951 295
23 380 213
13 124 94
13 77 5
24 3567 707
9 175 159
19 1576 475
22 1131 282
13 29 47
13 17 59
32 13699 1414
19 384 231
13 118 118
32 1839 498
13 30 53
13 17 53
13 54 10
27 29086 1846
19 3870 665
13 36 5
18 278 141
13 96 10
19 89 53
18 1438 565
18 14566 1330
23 142 118
13 30 47
27 2316 424
19 725 308
27 240 17
8 25 0
13 10228 944
23 2240 424
13 202 140
23 48652 2065
9 34 59
9 15 59
18 4078 590
9 41 41
9 15 29
23 222 118
14 2150 606
23 9493640 10010
18 3106 472
23 12628 885
18 3213 470
18 6982 321
32 31973 2140
13 5405 590
14 440 177
8 31 10
13 61 5
18 2429 678
4 16 5
18 1188 415
18 197 87
23 2775 472
13 73 35
9 34 59
13 1361 472
18 62 10
13 134 82
18 300 214
17 79 15
8 27 10
13 673 205
13 27 47
28 63111 1162
18 488 339
18 5837 664
14 19777 1243
27 219 202
19 66 47
14 4061 664
18 2111 534
14 1607 354
8 36 5
32 1167 164
22 941 246
24 151 178
18 129 106
9 36 59
14 535 321
23 711 236
28 15718 1245
23 227 53
13 533 205
28 4361538 2222
14 85 65
14 205 69
4 14 5
27 84761 2461
8 36 0
24 6983 760
18 168 166
18 396 159
27 861 295
32 129 113
14 213 105
23 378 177
13 100907 3776
9 41 53
4 3 5
8 23 5
4 3 5
27 2786 472
8 35 5
13 31 5
13 5376 590
19 327 142
27 15929 885
17 76 10
28 16704 1515
8 40 10
19 2305 534
27 634 188
23 869 295
27 42529352 86445
18 2052 253
27 52742238 31724
19 4460 590
13 124 94
14 41 113
19 1099 325
8 39 0
14 2317 539
13 4160 531
18 397 321
9 83 118
14 60 89
13 40 41
18 4622 856
13 87177 3008
14 771 404
9 197 177
18 1052 426
17 245 10
13 511 188
18 816 452
13 970 232
19 211 214
17 69 5
24 810 308
13 153 94
28 132472 2889
13 84 118
13 63 10
27 3870 747
27 268 141
4 14 5
8 28 10
9 27 59
23 54694 2759
9 614 295
4 13 5
14 78 41
32 32214266 17063
14 60 107
23 748 236
8 51 10
19 47 65
14 73 107
23 1710 606
19 1380 415
17 106 20
13 123 118
23 1147 295
18 318 106
19 201 202
13 159 106
18 154 226
22 211 87
14 464 164
8 39 10
14 143 87
14 18 95
18 2385896 13515
9 38 29
18 369 236
18 1067 245
13 316 116
27 383 303
27 3697 472
18 6709 611
9 65 59
13 57 41
9 31 35
18 685 380
18 153 70
18 1590 290
17 111 15
4 13 5
13 57 41
18 504 356
18 449 212
22 1201 318
13 586 282
8 38 0
9 92 59
13 35 10
14 15 23
23 3828 747
19 182 190
23 67 53
13 4327 477
17 95 15
23 2614 606
14 2666 472
23 88 83
18 1007 356
23 15016 1235
9 28 59
27 27020 1040
8 51 10
9 19 17
14 2326 413
8 51 10
8 16 10
13 142 68
22 138 58
18 113 46
9 16 29
22 892 265
13 38 5
22 31879 1180
13 4746 848
4 14 5
22 257 105
4 14 5
8 13 5
13 5120 944
14 1391 535
27 526 321
23 99 59
14 101 106
14 39 59
23 3021 477
14 33 35
9 9 59
13 67 5
8 26 10
14 23 59
18 503 339
28 2808 606
27 6258298 29640
14 1107 426
18 350 141
8 28 10
13 511 145
8 27 10
8 13 5
18 1621 354
22 126 118
14 304 249
14 28 35
4 3 5
14 4830462 3535
4 16 5
13 84 82
14 38 89
13 99 118
18 867 142
4 14 5
13 66 10
14 539284 1808
23 1355 462
19 9293 950
23 4020 497
4 14 5
18 400 339
23 6639 531
4 14 5
18 7099 615
18 62 65
23 106 41
27 41985 1694
19 14442 1284
17 71 5
9 39 23
14 116595 710
23 2761 606
18 17375 1284
19 237 154
23 2595 520
23 1390 245
24 7784 808
18 453 116
22 448 212
18 152 118
18 354 116
13 78 59
27 105028 2670
8 72 10
9 54 10
14 36 59
14 93 46
22 329 69
14 44 101
8 24 5
13 2497 590
14 4837 531
14 8698 590
23 1073 354
9 48 58
4 3 5
18 844 282
9 37 23
18 486 339
14 3475 472
14 2401 426
13 94 10
18 69 118
14 86 70
23 4467 664
24 44 77
13 23 53
9 15 35
32 479 321
8 17 10
13 19 59
9 11 5
28 279 213
8 17 10
9 503 235
13 58 10
24 336024 3325
18 161 69
23 144 94
14 1203 282
14 74 41
18 169 106
18 45 58
23 5956 963
17 42 5
18 5110 649
8 24 5
14 663 235
13 27 59
17 103 15
27 31976 2140
23 631 82
18 670 175
27 692 231
14 26 59
19 3219 856
13 2828 376
22 80 10
18 303 92
18 97 113
18 293 140
13 242 141
9 19 5
9 59 47
18 593 380
24 55 17
19 1874 426
23 141 94
23 1851 426
18 5182 590
23 824 332
27 49 53
18 278102 3164
8 27 5
14 3128 424
22 791 246
4 14 5
14 50 71
9 25 41
13 169 87
13 54 10
18 41 59
9 47 53
13 241 159
14 525 236
28 565 178
14 1649 475
22 318 141
18 136 69
9 25 47
24 130 130
19 71 29
4 3 5
17 51 15
4 3 5
22 123778 2961
4 15 5
4 3 5
18 123 59
32 520 303
8 70 10
9 349 212
18 80 53
23 588 308
18 74 77
18 296 105
13 394 159
19 119 58
23 1879 426
28 284 65
18 167 69
8 24 5
23 1879 94
14 377 249
18 1031 354
28 1115 390
9 53 47
9 581 235
18 336 106
14 1450 308
8 25 5
9 14 59
8 69 10
9 79 41
18 6406 590
13 81 10
18 139 106
13 120 118
13 27 5
9 22 5
13 407510 6784
18 267 87
14 266 214
9 80 106
22 2944 477
18 756 356
18 1224 354
14 173 106
23 5893690 9625
22 2041 371
23 537452 355
4 15 5
19 139 118
19 309 159
14 143 82
28 878 356
9 899 246
13 116 70
4 3 5
24 1702 141
19 122 53
23 1848 390
13 284 92
13 54 23
27 6100 950
23 173 118
27 746 236
9 162 105
8 70 10
9 37 59
4 15 5
13 194 20
19 8002 664
23 155 83
9 1420 287
18 74 82
18 60 83
18 45366 1900
22 2641195 15045
4 19 5
8 40 5
18 649 174
28 2198121 3237
18 884 246
8 39 10
18 246 141
28 83 95
9 100 118
4 14 5
22 285 105
13 589 145
23 276881 6741
14 635 404
9 70 35
9 94 94
22 1090 318
19 789 332
18 134 94
17 115 20
9 92 82
18 282 177
9 52 59
13 2382 424
27 131 118
14 85 107
9 859 210
27 1804 534
32 101497 3745
18 2502 413
14 39 59
14 417 177
18 55 95
13 27 35
23 2686 570
13 294 236
23 3433 585
9 43 47
18 20713 1616
18 643104 7493
22 344 68
23 1719444 6667
14 712 205
32 1607 565
23 123 113
13 103 10
9 70 59
13 3639 492
9 44 59
18 249 123
13 47 23
13 39 47
13 17 17
13 88 59
14 3230 424
4 14 5
18 117 70
27 5062 472
13 72 29
18 74 47
19 72384 2225
22 3356 413
13 37 5
18 1263 295
13 2117 410
32 228 87
13 3434 420
13 1273 212
27 6595739 27051
13 145 15
4 15 5
19 71 11
14 66 107
14 88 89
9 46 53
14 40 89
18 461 115
4 4 5
19 39 59
28 1434 415
9 64 53
13 58 5
8 24 5
14 4369 623
14 1830 354
23 105 59
24 55711 1498
14 175 142
28 110924 2755
9 46 41
28 263 59
9 24 5
27 320 141
9 20 53
9 42 10
4 3 5
9 68 35
9 23 53
9 59 47
8 56 10
18 27 71
9 48 94
13 237 82
18 103 118
9 2543 472
8 37 5
27 916 282
9 205 177
18 63 10
18 2868 413
18 666 236
13 116 82
13 1170 376
13 1181 472
27 642 267
27 778 404
23 150 118
18 3768 520
18 287 177
27 5553 530
27 426 5
13 171 105
18 136 82
13 56 10
13 537 246
18 159 118
27 30210 2020
14 537 308
14 1138 385
13 127 10
18 5112 530
28 411 71
23 1876 287
27 241433 4558
28 68401 2759
18 6222 611
24 549 231
13 66 35
9 21 47
9 62 47
23 1805 354
4 13 5
