23 24593 1962
9 40 109
4 3 10
14 36 142
18 13602 1470
9 39 109
22 12875 1080
19 142 109
18 59 98
18 1821 545
14 231 372
18 57558 2760
9 69 43
14 186 196
14 419 172
8 43 20
18 207 196
22 144 218
14 185 218
28 87613 3275
18 1149 380
8 23 10
9 34 20
13 6925 1040
9 23 21
23 1430 656
18 29999 1703
14 40 54
9 38 87
22 2189 456
23 361896 7650
22 664 192
14 59 20
17 136 40
17 162 30
18 80 164
9 196 129
18 1338 436
9 43 109
18 2535 985
14 203 284
14 182 306
23 107 109
8 77 20
27 2263 522
9 23 65
24 632 416
18 3218 360
27 135 196
4 13 10
14 6200 1050
14 211 372
23 1916 588
17 188 40
18 1732 655
18 1182 435
9 23 109
8 30 20
27 234147 8370
9 47 32
13 353 195
4 14 10
13 1334 435
13 658 260
23 213 218
23 1574 490
9 24 109
18 210 196
18 63 98
23 1099 270
13 536 304
27 1162 258
13 78 30
19 3199 786
9 71 42
22 439 228
8 24 10
18 5422 602
27 1790 820
27 5555 780
19 765 558
23 632 426
4 14 10
13 98 30
18 56 87
18 254 416
9 862 325
18 2021 820
23 300 98
28 697 492
28 3953 852
18 126 86
18 45 208
18 205 196
13 729 304
18 296 416
14 2589 654
9 20 98
27 60 197
4 13 10
18 1941 744
27 600 360
18 325 195
4 14 10
13 54 20
14 766 591
4 14 10
23 7942 1090
8 36 10
28 59 164
13 308 195
22 375 228
13 37 98
27 981 436
18 131 108
14 587 216
23 3644 1116
13 128 196
14 106 197
22 1374 390
32 14420 1400
13 150 218
13 105 30
13 95 20
18 205 218
22 456 294
28 170 208
19 472 327
8 77 20
9 33 109
32 362162 5967
9 479 304
9 21 54
13 37 87
22 5700 981
18 858 328
14 446 261
4 13 10
18 168 87
9 1011 490
18 638 260
18 136 130
19 98 109
9 21 43
32 260 350
13 8266 1392
17 90 10
18 1016 568
27 1703 392
14 39 87
19 62 175
9 137 196
23 1952 710
28 524 218
9 20 87
28 1248 568
13 2218 696
18 198 218
13 687 258
4 14 10
19 189 174
9 37 76
18 137 130
27 3288 696
4 14 10
18 248 162
23 566 327
13 1701 608
23 3592675 13464
9 73 76
22 389 195
23 4218 760
32 1331 832
24 85 43
13 682 304
32 15317 1560
4 15 10
13 3235 540
18 10020 1640
13 34 54
14 948 612
4 14 10
28 12782 1575
4 15 10
13 371 261
23 2009 655
27 367 195
14 77 109
23 1170 524
13 160 174
32 243 306
28 618 426
27 907 612
13 83 65
4 12 10
28 9677 1750
28 7446 1400
13 123 174
9 73 20
23 1089 545
19 411 261
19 67 109
9 23 109
18 50 21
14 302 162
8 24 10
4 3 10
18 411 261
13 268 162
14 679 348
22 613 215
18 167 196
18 571 160
23 9350 1090
9 23 32
9 11 43
22 947 258
4 14 10
18 430 459
8 43 20
27 1724 545
28 1073 656
9 24 10
9 756 270
13 107 64
18 10564 1302
23 109 108
14 40 197
4 12 10
28 2488 765
9 36 10
13 100 196
13 39 76
9 43 43
18 1857 654
27 3135 609
18 85 142
23 146 98
22 6546 780
14 56 197
23 81 109
13 1700 432
14 113 42
14 188 416
18 424 172
4 14 10
22 216 129
13 204 96
4 13 10
13 161 196
9 23 109
13 1975 608
8 36 10
18 110 108
9 60 87
9 161 96
9 20 98
9 361 172
13 390 228
13 133 109
27 15419 1968
28 179 186
18 517 327
24 99 186
9 24 109
4 3 10
14 65 120
22 156 196
13 1007 490
14 1257 656
23 44391 2976
9 37 109
18 11037 1860
4 14 10
23 85213 2088
27 439 228
9 37 54
14 138 174
9 474 304
28 148 174
23 7433 1488
14 1622 480
13 1542 520
4 14 10
9 20 109
9 39 109
28 375 350
22 106 109
8 37 10
18 188 174
18 1450 325
14 154 174
19 61 109
14 564 525
18 351 152
23 7889 1576
19 2615 600
18 446 393
4 13 10
9 72 20
14 371 172
18 65 109
18 850 260
13 41 10
4 3 10
23 407 196
19 548 172
14 35 208
27 1057 568
13 199 84
13 37 87
9 136 196
13 152 64
19 217 218
9 43 109
23 737 260
13 94 0
8 35 10
18 11214 917
13 4552 1090
19 3765 783
8 36 10
18 31 32
27 1226 392
24 674 524
22 817 348
4 14 10
9 156 96
13 1100 588
28 7827 1476
4 15 10
18 496 262
14 873 436
18 61 87
32 146 208
28 36108 1635
17 169 30
18 1428 380
13 38 65
9 18 87
18 1907 786
8 36 10
13 8211 1392
9 43 87
14 1104 744
18 477 327
28 728556 7708
22 241 162
4 14 10
32 63 153
17 80 20
13 71 10
27 3483 1050
28 248 262
22 4254 650
13 122 174
14 44 54
8 24 10
28 1521 612
13 413 261
27 2093 930
32 10710 1530
4 14 10
4 2 10
9 104 86
14 155 152
19 553 304
4 13 10
13 27 21
9 53 20
9 38 20
19 29289 1836
23 452 558
9 67 54
13 285 294
9 65 76
22 534 260
18 1309 301
14 78 87
9 41 20
9 45 76
32 4858 1050
28 706 492
23 248 218
27 8214 1200
13 39 87
13 156 30
19 2487 820
17 124 10
13 1284 380
19 441 294
18 54145100 14934
13 1681 432
22 1673 378
8 31 20
4 3 10
19 165 174
9 439 260
14 72 153
13 239 195
23 96 109
23 223 218
18 9727 1379
9 21 109
28 410 350
13 2095 872
9 202 129
19 2515 765
23 661 348
28 956 392
18 121 196
14 144 130
13 121 108
8 23 0
14 33 54
9 32 10
4 3 10
4 17 10
23 93905 4592
8 37 10
9 102 218
23 970 436
14 2212 710
8 42 20
27 2160 490
8 77 20
19 873 392
18 1333 545
9 38 98
13 30 21
18 873 426
4 14 10
24 79 87
13 139 30
22 4049 684
17 113 20
8 23 10
18 315 195
22 204 218
18 134 196
18 1110 700
24 527012 4402
23 620 426
14 61 131
13 30 87
18 712 591
28 25600 2758
14 358 360
27 5097 684
4 14 10
13 32 43
14 159 130
28 871 612
13 466 327
13 63 20
13 90 30
14 188 306
18 4020 1071
23 296 372
28 16631 2100
9 23 109
28 16259 1530
9 57 20
28 4223 1050
14 242 416
13 94 20
17 125 30
32 986 64
13 38 109
8 29 20
9 86 20
13 35 76
8 35 20
9 88 174
9 29 76
13 93 196
13 270 172
13 78 30
13 637 260
4 14 10
14 241 130
19 72 65
4 21 10
22 308 195
9 41 20
9 55 98
13 1362 435
18 299 394
18 232 218
19 1312 612
14 407 393
19 1372 612
18 978 224
8 36 10
13 595 192
27 64744 2640
13 99 20
9 36 43
18 410 128
13 59 20
18 214 96
4 14 10
9 9 10
9 37 54
19 1641 744
8 78 20
32 506 328
13 160 174
22 226 129
23 1488 435
9 576 436
9 441 260
32 5513 1302
18 64 87
13 133 218
9 21 98
18 148 108
13 326 108
9 44 109
24 79 76
4 14 10
22 4277 650
9 74 20
28 638 591
9 885 380
18 125 120
8 23 0
18 6100 1080
9 62 76
14 163 196
4 14 10
9 45 20
9 27 10
13 167 218
23 68 87
27 2783 654
14 58 142
18 24026 852
19 151 240
14 40 208
8 34 10
18 60 109
18 720 436
13 3274 540
9 45 87
8 95 20
23 1821 654
13 38 87
18 11531 1225
18 195 328
27 5258 1379
9 74 20
9 230 195
4 13 10
4 2 10
13 45 32
32 549 153
8 36 10
4 3 10
23 2431 930
18 1773 545
13 38 76
8 40 20
4 12 10
9 23 109
23 264 162
9 268 294
18 762 228
18 115 65
8 41 20
14 35 65
17 194 40
9 896 380
4 14 10
22 1714 545
13 114 86
13 75 54
14 73 54
27 1564 820
14 45 175
9 36 109
23 355242 3720
14 50 76
19 251 306
22 164 76
19 221 218
18 345 261
24 5072 720
23 201 196
13 44 10
19 18198 1562
8 79 20
9 294 327
27 3596 1116
22 1616 456
9 38 87
14 1919 832
4 14 10
19 88 87
4 13 10
18 82 109
13 1486 520
13 131 30
13 629 260
13 97 86
28 18974 1970
9 474 304
8 25 10
18 54 76
27 693 32
8 76 20
18 91 109
24 79 153
9 59 76
18 2748 686
9 20 10
9 94 218
19 2510 765
9 54 87
14 416 327
13 36 21
18 118 42
13 202 84
28 22388755 21726
18 46 98
13 82 152
9 57 20
13 666 304
9 24 10
13 109 30
8 22 10
17 59 10
18 3455 765
14 772 348
17 316 60
28 1089 480
9 25 98
13 18 10
13 259 196
9 21 109
23 2592 654
13 360 304
9 79 130
13 31 109
4 3 10
18 27 109
4 12 10
19 36 120
14 169 328
23 576 558
17 64 20
27 17841 2418
18 120 174
13 79 64
13 567 260
18 515 304
18 7599 686
22 135 130
14 102 130
13 29 98
23 1435 325
24 2179 710
13 149 196
13 27 109
8 13 10
13 39 10
9 212 228
18 4394 870
23 412 525
19 39 87
18 444 306
18 47 153
14 886 480
9 44 54
23 12493 1216
18 183 196
23 2367 820
9 46 76
9 16 98
18 1226 436
9 52 20
9 26 109
23 3000 784
9 21 76
13 16 98
14 149 218
18 49298 960
28 19995 2080
9 48 109
8 22 20
22 406 216
19 45 65
18 24 208
8 17 10
14 4681 710
8 25 0
9 17 109
13 53 20
18 198 129
18 12045 1305
9 21 32
18 60 208
8 35 20
4 3 10
17 127 40
22 67 109
18 973 270
18 78 98
27 24064 2130
22 144 218
18 75 197
18 401 261
14 36 98
14 420 294
4 14 10
23 82981 2142
19 169 196
13 66 20
4 13 10
23 1424 656
9 129 218
18 63 131
23 13391 1305
19 4790 710
14 85 131
24 96 164
23 654 192
9 22 54
18 929 240
13 1723 545
9 36 109
14 1751 490
18 345 162
4 14 10
14 82 164
9 43 20
8 84 20
13 29 87
14 1363 435
8 42 20
9 229 195
18 3290 763
17 244 30
9 45 76
4 3 10
13 436 294
27 170 218
18 1020 348
13 137 196
13 39656 3136
8 44 20
14 103 164
18 654 327
9 42 32
8 25 10
9 24 109
4 3 10
18 568 218
13 943 392
13 56 54
9 21 54
18 4891 760
8 42 20
8 73 20
8 87 20
18 2402 608
14 149 86
19 701 348
23 247 162
14 101 64
18 219 108
17 243 30
8 23 10
23 1103 612
13 393 261
4 13 10
23 27825 2955
13 31 32
14 41 175
14 909 392
4 14 10
9 10 87
23 673 304
18 242 218
4 14 10
9 483 348
27 3776 654
9 69 86
4 3 10
13 78 30
27 234 394
19 35 208
14 200 129
14 151 130
8 16 10
14 215 350
14 192 350
22 1900 522
13 29 54
4 3 10
18 11940 1372
9 109 218
23 642 327
18 1176 324
13 397 348
22 958 192
18 502 216
19 42 65
13 30 109
13 327 260
32 1143 524
9 40 87
14 6644 917
14 1125 568
13 990 256
18 8015 686
18 2670 456
9 265 327
8 25 10
18 25 208
13 39 109
18 771 348
14 141 196
22 823 436
14 141 174
9 40 87
13 39 20
27 1487 545
32 419 328
13 891 392
22 632 76
22 2041 588
28 970 436
14 110 130
13 90 130
18 5249 1071
9 107 218
23 10814 1310
32 6832 1179
8 26 10
18 160 152
14 134 152
18 1545 545
27 15170 1640
9 166 129
8 25 10
8 12 10
14 18 131
27 378 218
9 265 327
13 5525 688
18 113 42
13 798 348
9 39 65
19 190 196
22 680 216
13 81 20
9 24 87
13 274 172
18 3997 994
13 153 196
18 695 525
9 23 98
18 17305 1703
27 1618 700
18 598 260
18 4233 684
14 32 120
18 41 98
18 657 360
27 2278 720
13 64 10
8 63 20
23 251 96
22 11999 1105
18 77 64
18 353 195
18 64 10
18 66 64
19 481 360
13 51 10
22 2824 654
4 14 10
22 4628 763
27 3031 609
13 208 128
9 33 65
19 1849 261
13 1260 380
14 148 196
14 156 218
27 973 348
14 46 153
19 218 284
13 40 43
13 855 392
4 14 10
17 117 20
23 373 195
13 81 65
17 67 20
18 457 360
4 14 10
18 2248 765
23 229 43
27 2126 654
19 233 306
14 10575 1148
18 79 153
14 160 196
14 42 197
18 204 394
4 14 10
14 788 524
14 364 128
23 569 393
13 29 109
13 1348 435
14 576 260
14 107 130
18 709 436
13 31 0
9 12 65
9 12 109
14 1001 656
32 30422 2790
4 15 10
13 82 152
8 25 10
24 21942 1476
9 455 304
8 25 10
9 10 109
22 1936 654
19 2168 710
13 1093 325
14 2668 655
13 89 64
28 29116 2414
23 412 228
23 8132 1476
32 62856 3940
13 378 348
28 1320 832
9 979 490
14 938 436
8 25 10
27 3810 516
9 20 32
4 3 10
18 433 327
13 46 32
18 38 76
23 305 195
23 11868 1312
14 573 260
23 3571 710
9 20 21
18 1049 744
4 14 10
23 205 394
14 903 436
14 124 152
18 10678 1420
14 152 196
13 35 54
14 1702 765
23 2506 820
18 103 42
8 24 10
22 648 348
13 93 86
14 200 130
19 36 175
13 15 10
13 94 130
18 138 196
13 93 174
14 48 153
27 89879 4260
13 99 196
14 186 328
28 275310 3366
13 127 30
13 308 195
19 992 525
9 45 54
14 23 197
14 105 186
4 14 10
19 160 416
23 775 591
13 33 10
23 453 195
18 44206 1048
14 64 42
23 698 348
22 744 270
13 42 76
4 3 10
