8 0 53
8 0 53
12 0 413
3 0 5
8 0 92
8 0 376
7 0 10
12 0 59
8 0 59
8 0 59
12 0 94
12 0 53
12 0 236
3 0 5
8 0 59
12 0 205
12 0 53
3 0 5
3 0 5
3 0 5
3 0 5
3 0 5
8 0 59
7 0 10
7 0 10
8 0 177
8 0 116
7 0 10
3 0 5
12 0 35
8 0 175
8 0 35
12 0 376
8 0 47
7 0 5
7 0 10
12 0 47
7 0 10
3 0 5
8 0 59
3 0 5
7 0 10
7 0 10
12 0 376
8 0 29
8 0 35
7 0 10
12 0 47
12 0 11
8 0 35
3 0 5
7 0 10
8 0 53
3 0 5
8 0 59
3 0 5
12 0 94
3 0 5
8 0 164
3 0 5
7 0 10
7 0 10
7 0 10
7 0 5
3 0 5
3 0 5
3 0 5
8 0 41
8 0 59
12 0 47
12 0 265
8 0 59
8 0 118
3 0 5
8 0 53
7 0 10
8 0 17
7 0 5
7 0 10
12 0 70
8 0 59
7 0 10
7 0 5
3 0 5
8 0 246
8 0 47
3 0 5
12 0 59
12 0 212
12 0 413
7 0 10
3 0 5
8 0 51
3 0 5
12 0 29
7 0 10
3 0 5
7 0 10
3 0 5
7 0 10
3 0 5
3 0 5
7 0 5
12 0 265
7 0 10
7 0 10
7 0 10
8 0 35
8 0 59
8 0 47
8 0 35
3 0 5
12 0 188
7 0 10
7 0 10
7 0 5
12 0 123
8 0 53
3 0 5
12 0 59
8 0 5
3 0 5
8 0 53
12 0 118
7 0 5
3 0 5
12 0 47
12 0 59
3 0 5
12 0 188
7 0 5
8 0 59
8 0 41
8 0 47
3 0 5
7 0 5
3 0 5
7 0 5
8 0 145
8 0 118
12 0 59
3 0 5
8 0 59
12 0 59
3 0 5
7 0 5
12 0 23
3 0 5
3 0 5
7 0 5
7 0 5
8 0 177
12 0 23
8 0 35
7 0 10
12 0 82
8 0 59
7 0 10
12 0 105
3 0 5
3 0 5
7 0 5
12 0 94
12 0 177
12 0 164
3 0 5
7 0 5
7 0 10
7 0 5
8 0 59
7 0 10
8 0 23
12 0 236
3 0 5
7 0 10
7 0 10
8 0 53
3 0 5
12 0 47
7 0 10
3 0 5
12 0 51
8 0 47
12 0 23
8 0 236
8 0 177
3 0 5
7 0 10
3 0 5
8 0 41
8 0 59
12 0 118
3 0 5
3 0 5
8 0 17
3 0 5
12 0 69
7 0 10
7 0 10
7 0 5
8 0 140
7 0 5
3 0 5
3 0 5
3 0 5
8 0 29
3 0 5
12 0 41
8 0 59
3 0 5
7 0 5
7 0 10
12 0 118
7 0 10
8 0 53
12 0 59
7 0 10
7 0 5
3 0 5
8 0 70
3 0 5
7 0 10
8 0 34
8 0 53
12 0 354
3 0 5
8 0 159
7 0 10
7 0 5
3 0 5
8 0 47
8 0 22
7 0 5
12 0 5
8 0 59
3 0 5
8 0 41
8 0 47
7 0 5
8 0 59
3 0 5
7 0 5
8 0 329
7 0 10
8 0 59
12 0 235
8 0 531
7 0 10
12 0 371
7 0 10
12 0 123
7 0 5
3 0 5
3 0 5
7 0 5
12 0 376
7 0 10
3 0 5
12 0 424
7 0 10
7 0 5
7 0 10
7 0 10
12 0 123
8 0 376
3 0 5
12 0 164
12 0 46
8 0 53
8 0 140
8 0 424
8 0 59
8 0 141
3 0 5
8 0 53
8 0 376
3 0 5
3 0 5
8 0 106
8 0 94
7 0 5
8 0 5
3 0 5
12 0 118
7 0 5
3 0 5
12 0 188
8 0 41
8 0 265
3 0 5
8 0 35
12 0 118
7 0 10
12 0 287
8 0 82
7 0 10
7 0 5
7 0 5
3 0 5
8 0 116
7 0 5
7 0 10
3 0 5
12 0 87
12 0 94
8 0 59
3 0 5
8 0 354
7 0 5
3 0 5
12 0 53
7 0 5
8 0 53
3 0 5
8 0 177
3 0 5
7 0 5
12 0 376
7 0 5
3 0 5
3 0 5
3 0 5
8 0 47
3 0 5
8 0 53
12 0 118
8 0 140
3 0 5
8 0 141
3 0 5
7 0 5
3 0 5
7 0 5
12 0 29
12 0 59
7 0 5
3 0 5
8 0 82
7 0 10
12 0 29
3 0 5
12 0 118
8 0 41
12 0 94
7 0 5
8 0 53
7 0 5
12 0 59
3 0 5
8 0 210
12 0 47
7 0 5
3 0 5
12 0 118
12 0 295
7 0 10
7 0 10
7 0 10
7 0 5
7 0 10
12 0 413
7 0 5
12 0 236
8 0 53
7 0 10
7 0 10
12 0 287
8 0 59
12 0 59
7 0 10
12 0 87
12 0 212
7 0 10
8 0 59
3 0 5
8 0 94
12 0 82
7 0 5
12 0 69
3 0 5
3 0 5
12 0 59
12 0 53
12 0 94
8 0 47
7 0 5
8 0 116
12 0 82
3 0 5
8 0 424
12 0 212
12 0 82
7 0 5
7 0 10
8 0 53
7 0 10
3 0 5
12 0 59
12 0 70
3 0 5
8 0 29
12 0 318
3 0 5
8 0 118
7 0 5
8 0 159
3 0 5
3 0 5
7 0 5
3 0 5
12 0 295
8 0 53
8 0 59
8 0 23
8 0 477
7 0 5
12 0 123
8 0 235
12 0 205
8 0 47
7 0 10
7 0 10
7 0 10
3 0 5
7 0 10
3 0 5
8 0 53
3 0 5
12 0 59
8 0 53
8 0 11
12 0 53
8 0 47
12 0 118
12 0 70
12 0 5
12 0 59
8 0 47
12 0 35
7 0 10
3 0 5
3 0 5
8 0 53
3 0 5
8 0 41
3 0 5
12 0 53
3 0 5
7 0 10
8 0 87
8 0 59
7 0 5
3 0 5
3 0 5
12 0 118
12 0 41
7 0 10
3 0 5
12 0 59
7 0 5
12 0 53
3 0 5
8 0 59
12 0 141
7 0 5
7 0 5
3 0 5
7 0 10
3 0 5
3 0 5
12 0 53
8 0 53
8 0 17
7 0 5
8 0 53
12 0 106
7 0 10
12 0 59
12 0 94
8 0 59
8 0 59
7 0 5
8 0 35
3 0 5
8 0 82
7 0 10
12 0 94
12 0 59
8 0 41
7 0 10
3 0 5
3 0 5
8 0 47
12 0 105
3 0 5
8 0 41
3 0 5
12 0 94
8 0 47
3 0 5
3 0 5
3 0 5
7 0 5
12 0 118
7 0 10
3 0 5
7 0 5
12 0 29
8 0 318
8 0 23
3 0 5
12 0 246
7 0 10
12 0 59
3 0 5
7 0 5
3 0 5
3 0 5
3 0 5
7 0 10
7 0 10
3 0 5
7 0 10
3 0 5
12 0 177
8 0 53
8 0 205
8 0 472
7 0 5
3 0 5
3 0 5
3 0 5
3 0 5
7 0 10
7 0 10
3 0 5
8 0 94
8 0 59
8 0 59
8 0 531
7 0 10
3 0 5
12 0 59
7 0 10
8 0 34
12 0 106
8 0 41
3 0 5
7 0 10
3 0 5
3 0 5
12 0 105
7 0 10
3 0 5
3 0 5
12 0 177
8 0 69
3 0 5
3 0 5
7 0 10
12 0 118
12 0 413
12 0 354
12 0 318
12 0 17
12 0 106
7 0 5
8 0 59
3 0 5
7 0 10
7 0 5
7 0 10
8 0 531
12 0 205
3 0 5
12 0 70
8 0 59
8 0 354
3 0 5
12 0 236
8 0 212
7 0 10
12 0 5
12 0 22
7 0 10
12 0 70
7 0 5
3 0 5
12 0 177
3 0 5
7 0 10
7 0 10
3 0 5
3 0 5
8 0 70
12 0 177
7 0 10
3 0 5
3 0 5
8 0 70
8 0 23
12 0 59
3 0 5
8 0 59
12 0 92
3 0 5
12 0 59
12 0 295
7 0 10
8 0 58
3 0 5
8 0 47
3 0 5
8 0 11
8 0 47
3 0 5
3 0 5
12 0 22
8 0 59
3 0 5
12 0 35
8 0 59
8 0 47
7 0 5
3 0 5
12 0 118
7 0 10
7 0 5
7 0 10
7 0 5
12 0 17
8 0 29
7 0 5
12 0 265
8 0 51
7 0 10
7 0 5
12 0 212
3 0 5
12 0 246
12 0 295
8 0 59
3 0 5
8 0 53
8 0 22
3 0 5
12 0 59
12 0 236
8 0 92
8 0 47
8 0 376
8 0 35
12 0 329
3 0 5
3 0 5
3 0 5
3 0 5
3 0 5
7 0 10
7 0 10
7 0 10
3 0 5
12 0 188
8 0 53
7 0 5
7 0 10
7 0 10
12 0 354
12 0 118
3 0 5
12 0 59
12 0 17
3 0 5
3 0 5
3 0 5
7 0 10
12 0 177
7 0 5
12 0 141
7 0 10
3 0 5
3 0 5
12 0 265
7 0 10
8 0 35
3 0 5
3 0 5
3 0 5
7 0 10
3 0 5
7 0 10
7 0 10
12 0 59
3 0 5
3 0 5
3 0 5
7 0 10
3 0 5
12 0 118
7 0 10
12 0 159
3 0 5
7 0 10
3 0 5
8 0 41
12 0 212
3 0 5
7 0 5
12 0 70
7 0 10
8 0 175
8 0 116
3 0 5
12 0 69
8 0 23
8 0 47
7 0 10
3 0 5
3 0 5
8 0 159
3 0 5
8 0 59
3 0 5
7 0 5
3 0 5
12 0 59
3 0 5
8 0 53
3 0 5
7 0 10
12 0 105
7 0 10
8 0 11
8 0 41
7 0 10
7 0 5
12 0 371
7 0 5
12 0 106
8 0 59
12 0 118
7 0 10
7 0 5
7 0 5
3 0 5
8 0 53
8 0 5
8 0 5
12 0 53
12 0 246
3 0 5
3 0 5
3 0 5
12 0 177
3 0 5
3 0 5
8 0 53
8 0 59
7 0 10
12 0 265
12 0 47
7 0 10
3 0 5
12 0 177
12 0 118
8 0 53
7 0 10
3 0 5
3 0 5
7 0 5
12 0 70
7 0 10
7 0 5
8 0 53
12 0 177
8 0 35
3 0 5
3 0 5
3 0 5
8 0 41
7 0 5
8 0 59
8 0 53
8 0 118
3 0 5
12 0 118
7 0 5
3 0 5
3 0 5
12 0 354
12 0 118
7 0 5
8 0 29
8 0 35
7 0 5
8 0 47
3 0 5
12 0 59
7 0 10
8 0 53
3 0 5
3 0 5
7 0 10
12 0 282
7 0 5
3 0 5
7 0 5
3 0 5
12 0 141
7 0 10
8 0 59
7 0 10
3 0 5
3 0 5
3 0 5
3 0 5
3 0 5
7 0 10
8 0 59
12 0 105
8 0 22
7 0 5
3 0 5
12 0 59
7 0 5
7 0 10
7 0 5
7 0 10
3 0 5
7 0 5
12 0 210
8 0 23
12 0 59
12 0 118
8 0 53
3 0 5
7 0 10
8 0 53
3 0 5
3 0 5
7 0 10
8 0 105
12 0 376
12 0 205
8 0 188
7 0 10
12 0 413
3 0 5
8 0 29
12 0 118
12 0 106
3 0 5
3 0 5
3 0 5
12 0 58
12 0 177
8 0 531
7 0 10
12 0 51
12 0 59
3 0 5
12 0 23
8 0 87
3 0 5
8 0 175
12 0 82
3 0 5
12 0 177
8 0 118
8 0 265
8 0 29
7 0 5
3 0 5
7 0 10
8 0 177
7 0 10
7 0 5
12 0 47
7 0 5
7 0 10
7 0 5
3 0 5
3 0 5
7 0 5
12 0 59
8 0 82
8 0 59
7 0 10
3 0 5
3 0 5
7 0 10
8 0 53
12 0 354
3 0 5
12 0 51
7 0 5
7 0 5
8 0 318
12 0 53
7 0 10
12 0 329
3 0 5
12 0 35
12 0 82
8 0 35
8 0 23
8 0 23
7 0 10
12 0 295
7 0 10
7 0 10
8 0 53
8 0 59
8 0 59
3 0 5
12 0 53
12 0 41
3 0 5
7 0 10
12 0 53
7 0 10
12 0 177
7 0 10
7 0 5
7 0 5
3 0 5
12 0 424
12 0 35
8 0 59
3 0 5
12 0 59
8 0 29
8 0 41
7 0 5
8 0 590
7 0 10
12 0 41
8 0 47
12 0 472
7 0 5
3 0 5
12 0 59
7 0 10
7 0 5
8 0 92
12 0 23
12 0 212
7 0 5
7 0 10
3 0 5
7 0 10
12 0 118
8 0 123
12 0 29
12 0 47
12 0 295
8 0 354
12 0 17
7 0 10
12 0 210
3 0 5
3 0 5
7 0 5
3 0 5
3 0 5
3 0 5
12 0 106
7 0 5
3 0 5
3 0 5
3 0 5
3 0 5
12 0 41
12 0 472
12 0 53
8 0 265
8 0 47
7 0 5
7 0 10
3 0 5
8 0 23
8 0 17
12 0 212
3 0 5
3 0 5
12 0 531
3 0 5
8 0 35
12 0 105
3 0 5
12 0 159
3 0 5
3 0 5
12 0 118
12 0 188
3 0 5
3 0 5
3 0 5
8 0 46
7 0 5
