3 9.0491e-05 10
7 6.1152e-05 10
7 3.894e-05 10
7 0.00016707 20
14 6.763e-05 186
9 0.0311576 2232
14 0.0110382 1752
14 1.5678e-05 219
7 1.5867e-05 20
7 3.4488e-05 20
14 0.00401271 1050
7 1.6295e-05 20
7 3.4176e-05 20
10 5.1706e-05 175
13 0.00176252 600
3 3.746e-06 10
3 2.624e-06 10
7 3.6121e-05 20
7 1.7416e-05 10
3 2.646e-06 10
7 1.8399e-05 20
13 0.0609999 3328
10 0.00527509 1576
3 4.322e-06 10
13 0.0496901 2955
9 5.3091e-05 131
14 0.00161894 832
7 1.1854e-05 10
3 3.001e-06 10
3 2.643e-06 10
3 2.467e-06 10
14 0.000224749 372
8 3.6287e-05 65
3 3.326e-06 10
13 0.0211993 2167
10 1.6257e-05 186
3 3.247e-06 10
3 2.474e-06 10
8 1.4573e-05 98
10 2.1302e-05 186
12 0.000310151 228
7 1.2837e-05 10
14 0.0101813 1752
7 3.6943e-05 20
3 2.654e-06 10
12 0.00436485 696
7 1.8416e-05 20
13 0.0170613 1562
3 4.044e-06 10
7 3.5508e-05 20
10 1.7026e-05 208
7 2.596e-05 10
3 2.924e-06 10
3 2.58e-06 10
3 2.49e-06 10
3 2.626e-06 10
10 0.00331802 1379
7 1.6662e-05 20
12 0.000826395 270
14 0.00229221 820
3 3.624e-06 10
3 2.669e-06 10
7 3.504e-05 20
3 2.425e-06 10
7 1.4474e-05 20
12 0.000197956 129
3 3.54e-06 10
3 2.698e-06 10
13 0.00459655 917
7 3.6617e-05 20
3 2.904e-06 10
3 2.734e-06 10
7 1.5367e-05 20
7 3.4979e-05 20
8 1.1208e-05 21
7 3.4633e-05 20
14 1.5464e-05 208
7 3.4489e-05 20
3 1.7805e-05 10
13 0.0271952 2100
3 3.921e-06 10
10 0.000135767 416
3 3.157e-06 10
10 3.1669e-05 219
3 2.921e-06 10
14 1.6614e-05 208
14 0.00145606 657
7 1.6286e-05 20
3 3.072e-06 10
8 3.3296e-05 98
3 2.92e-06 10
7 3.0844e-05 20
3 2.695e-06 10
10 2.9322e-05 197
10 1.323e-05 219
14 0.000220159 328
3 3.5e-06 10
10 1.0615e-05 208
9 0.0927245 3952
14 0.000682682 558
7 2.2872e-05 20
10 6.2411e-05 208
3 3.5e-06 10
7 1.6845e-05 20
10 1.0585e-05 208
3 3.234e-06 10
10 2.3563e-05 197
7 3.8333e-05 20
3 2.995e-06 10
13 0.00517306 994
13 0.00712399 1136
3 3.865e-06 10
7 3.5838e-05 20
14 0.000251663 416
14 0.00495952 1314
7 1.2215e-05 10
3 2.984e-06 10
8 5.7803e-05 87
13 0.0135113 1640
7 3.2598e-05 10
3 2.701e-06 10
14 0.00261393 930
14 1.5771e-05 208
3 3.222e-06 10
13 0.0164608 1572
7 1.2813e-05 10
7 3.1709e-05 20
13 0.0927894 3952
10 1.1839e-05 197
14 0.00279643 1040
13 0.0303064 2275
14 1.6395e-05 208
14 0.000133712 208
14 0.00245285 820
13 0.015782 1441
14 0.000508271 426
7 2.2357e-05 20
9 0.000181928 208
14 0.000477863 438
3 3.854e-06 10
3 2.821e-06 10
3 2.845e-06 10
7 1.2488e-05 10
3 2.663e-06 10
3 2.717e-06 10
8 9.169e-06 98
14 1.6363e-05 219
13 0.0244441 1989
10 0.00036606 624
7 1.7321e-05 20
7 1.1706e-05 10
3 3.303e-06 10
14 0.000222345 416
7 1.6419e-05 20
13 0.0449971 3066
3 4.092e-06 10
7 2.0094e-05 20
8 4.666e-05 108
10 4.6855e-05 197
10 0.00337129 1379
3 3.757e-06 10
10 9.88e-06 197
12 0.0028297 545
7 5.2372e-05 20
12 8.5656e-05 130
14 0.0201316 2190
13 0.0208321 1925
14 1.4401e-05 120
7 1.9906e-05 20
7 4.9413e-05 20
3 2.894e-06 10
9 0.00986406 1970
10 9.773e-05 262
7 1.6383e-05 20
14 1.5471e-05 208
7 1.1326e-05 10
3 3.039e-06 10
13 0.00803591 1400
7 1.186e-05 10
14 0.000215172 372
10 3.7408e-05 219
7 1.7156e-05 20
7 1.4976e-05 20
3 3.234e-06 10
3 2.596e-06 10
13 0.0082138 984
7 2.0672e-05 20
7 1.0847e-05 10
3 2.689e-06 10
7 1.7684e-05 20
9 0.000109819 219
14 1.5275e-05 175
9 2.8655e-05 142
9 9.3584e-05 197
13 0.0370088 2142
10 6.0111e-05 197
3 3.632e-06 10
10 4.4364e-05 219
12 0.000103838 152
7 3.9179e-05 20
7 1.9956e-05 20
7 1.5137e-05 20
12 0.0042502 784
3 3.562e-06 10
10 5.8786e-05 208
10 2.5436e-05 219
10 1.3119e-05 219
3 3.206e-06 10
9 0.0166756 1704
7 1.2764e-05 10
7 1.5004e-05 20
13 0.0630895 3285
3 4.248e-06 10
12 0.00232492 588
12 1.3322e-05 32
7 2.7218e-05 10
14 0.000196772 328
8 0.00368839 784
13 0.0106331 1310
9 0.0104328 1970
7 3.8702e-05 20
10 6.9786e-05 186
7 1.6648e-05 20
7 1.5382e-05 20
7 3.5795e-05 20
7 1.1134e-05 10
8 0.00381054 784
13 0.00719376 1224
7 3.8805e-05 20
7 1.0921e-05 10
14 0.00284104 788
3 3.982e-06 10
13 0.060572 3120
3 4.361e-06 10
7 5.7025e-05 20
7 3.5793e-05 20
13 0.00116798 492
14 0.000731351 624
3 3.924e-06 10
9 2.3899e-05 120
3 3.303e-06 10
8 2.8564e-05 109
9 0.0104381 2080
3 3.719e-06 10
8 0.000953402 545
13 0.0046196 917
7 1.7915e-05 10
7 1.8228e-05 20
3 2.685e-06 10
3 2.415e-06 10
12 1.3073e-05 54
3 2.725e-06 10
13 0.0134322 1441
7 1.676e-05 20
7 1.3972e-05 20
8 3.9821e-05 65
3 3.405e-06 10
3 2.868e-06 10
7 3.6932e-05 20
7 1.5321e-05 20
14 0.00509541 1314
10 1.3216e-05 120
9 7.7223e-05 131
13 0.0877665 3942
10 1.4644e-05 197
10 2.4633e-05 153
9 0.0310649 2912
12 0.00387769 763
7 3.2359e-05 20
13 0.0646445 2976
3 4.338e-06 10
3 2.903e-06 10
14 0.00240573 820
10 6.1496e-05 208
14 0.000269314 438
3 3.801e-06 10
12 0.000104044 152
10 0.000119328 394
7 1.7976e-05 20
3 3.419e-06 10
9 8.8202e-05 120
13 0.00978032 1488
10 0.00365758 1533
9 0.0145037 2288
7 1.6894e-05 10
14 0.00126683 525
9 0.00326786 1225
7 3.9343e-05 10
7 3.1732e-05 10
7 3.3937e-05 20
10 3.9075e-05 197
14 0.00169752 876
9 0.000546138 480
3 3.777e-06 10
8 3.6542e-05 65
10 0.000131786 438
7 1.7991e-05 20
7 1.5383e-05 20
13 0.0225668 2167
7 3.9904e-05 20
14 0.00638391 1302
3 4.033e-06 10
9 0.0313382 2758
9 4.5744e-05 153
3 3.241e-06 10
7 5.248e-05 20
10 5.3214e-05 219
7 1.6539e-05 20
10 0.000317983 492
10 1.342e-05 175
7 1.2098e-05 10
9 7.8168e-05 208
3 3.27e-06 10
14 0.00157842 832
10 0.000379007 657
7 1.1693e-05 10
14 0.00219783 820
14 0.000190403 306
13 0.0209799 1925
13 0.0428526 2912
10 1.1771e-05 142
9 0.00987012 1750
3 4.285e-06 10
12 0.000738723 348
3 3.708e-06 10
3 2.751e-06 10
3 2.602e-06 10
10 3.7695e-05 175
7 3.9536e-05 20
14 0.000231494 394
10 1.4293e-05 219
8 3.5573e-05 109
7 1.7191e-05 20
3 3.354e-06 10
7 3.6351e-05 20
13 0.0248031 2288
7 1.6945e-05 20
8 8.763e-06 109
8 7.7139e-05 174
10 1.0256e-05 219
14 0.000690953 558
10 0.00216522 1116
10 0.0012205 820
7 1.3144e-05 10
3 1.8355e-05 10
9 0.0922926 3952
7 1.2779e-05 10
7 3.3963e-05 20
10 1.3246e-05 197
9 0.000109313 164
8 1.4459e-05 87
7 3.603e-05 20
7 4.926e-05 20
3 2.783e-06 10
13 0.00135261 480
3 3.541e-06 10
7 1.1246e-05 10
3 2.637e-06 10
14 1.5189e-05 175
14 0.000679535 558
8 3.9135e-05 64
3 3.461e-06 10
7 3.743e-05 20
13 0.0249475 2232
3 3.932e-06 10
14 1.5401e-05 219
10 1.5991e-05 153
12 0.00748229 981
7 2.0763e-05 20
3 2.605e-06 10
14 1.4158e-05 197
3 2.686e-06 10
7 1.8385e-05 20
3 2.583e-06 10
14 1.5703e-05 219
12 0.00339428 763
14 0.00170462 876
7 1.6411e-05 20
9 0.017585 2100
9 0.00893211 1420
13 0.060232 3120
9 9.7794e-05 175
3 3.415e-06 10
3 2.643e-06 10
9 0.000248786 360
10 0.00351077 1533
3 3.632e-06 10
3 2.684e-06 10
10 9.7561e-05 262
3 3.131e-06 10
7 3.8349e-05 20
3 2.707e-06 10
10 1.4061e-05 219
3 2.893e-06 10
7 1.6097e-05 20
7 3.442e-05 20
13 0.00397811 786
7 1.6269e-05 20
7 3.472e-05 20
13 0.0383572 2296
13 0.00534582 960
8 0.00140634 456
3 3.662e-06 10
12 0.000385645 294
9 0.000108255 175
9 9.5314e-05 131
9 0.000160192 197
3 3.459e-06 10
10 5.9713e-05 219
10 0.000130266 438
3 3.43e-06 10
8 0.00144976 522
3 3.199e-06 10
14 0.00726945 1456
14 0.00165331 876
8 1.6994e-05 109
13 0.0334662 2275
3 3.906e-06 10
9 0.000158152 208
8 2.6808e-05 87
8 0.00230464 609
7 2.3132e-05 20
3 2.902e-06 10
3 2.577e-06 10
7 1.3733e-05 10
9 0.00095478 600
7 2.2825e-05 20
7 1.96e-05 20
3 2.924e-06 10
8 0.00248909 686
7 2.0312e-05 20
3 2.805e-06 10
9 0.000274684 360
10 4.6837e-05 175
3 3.286e-06 10
7 1.6893e-05 20
7 1.9364e-05 20
3 2.869e-06 10
10 0.000129494 416
14 0.000547983 459
9 0.000254024 393
14 1.6652e-05 197
3 3.474e-06 10
8 5.5077e-05 98
9 0.0191042 2364
7 1.2513e-05 10
3 1.816e-05 10
13 0.0428751 2847
14 0.00158442 832
14 0.000229952 394
14 0.00137536 700
3 3.647e-06 10
7 1.6643e-05 20
10 0.000763103 832
7 1.261e-05 10
7 1.009e-05 10
3 3.082e-06 10
7 1.0682e-05 10
7 1.5219e-05 20
7 3.5396e-05 20
3 2.827e-06 10
7 1.8856e-05 20
7 1.06e-05 10
10 0.000128101 438
14 0.00751195 1533
9 0.0010549 655
3 4.079e-06 10
7 1.24e-05 10
10 2.4681e-05 208
7 3.7803e-05 20
7 1.0049e-05 10
7 1.8437e-05 20
9 0.00109591 710
3 3.631e-06 10
3 2.594e-06 10
12 0.00657973 981
7 1.1085e-05 10
7 2.9958e-05 20
10 1.7209e-05 175
10 9.967e-06 208
10 2.2547e-05 208
3 3.291e-06 10
14 0.000222768 372
13 0.114709 4380
10 0.000296881 459
8 2.964e-05 87
7 1.8135e-05 20
3 1.8567e-05 10
10 1.7786e-05 219
10 1.5302e-05 131
3 3.084e-06 10
10 1.3059e-05 208
7 1.2649e-05 10
10 0.000131077 438
14 1.602e-05 197
3 3.244e-06 10
3 2.695e-06 10
13 0.0148977 1562
7 1.4208e-05 10
7 2.1507e-05 20
3 2.966e-06 10
3 2.776e-06 10
14 0.000528145 426
8 0.00016373 195
3 3.522e-06 10
9 0.00258312 840
14 0.000121243 153
3 3.385e-06 10
13 0.00546966 918
3 3.63e-06 10
3 2.507e-06 10
10 0.000320964 525
3 3.462e-06 10
13 0.00698133 1071
10 0.00127634 930
7 1.724e-05 20
3 3.19e-06 10
12 0.000364031 172
14 1.6206e-05 208
7 3.8897e-05 20
3 3.105e-06 10
3 2.828e-06 10
13 0.00601722 1225
14 0.00678378 1379
3 3.777e-06 10
9 0.00177335 786
3 3.551e-06 10
14 1.6897e-05 219
13 0.00177932 600
7 1.666e-05 20
3 3.106e-06 10
3 2.848e-06 10
3 2.613e-06 10
3 2.56e-06 10
7 1.9804e-05 20
3 2.639e-06 10
7 3.5444e-05 20
10 1.8393e-05 219
7 1.1364e-05 10
10 0.000721081 744
13 0.000994575 426
14 0.000326517 284
9 0.00010239 197
3 3.422e-06 10
10 3.0183e-05 219
3 3.15e-06 10
3 2.635e-06 10
3 2.596e-06 10
7 3.8779e-05 20
13 0.00469514 994
14 0.00302117 1095
7 1.276e-05 10
13 0.010498 1476
7 1.7505e-05 20
3 3.347e-06 10
3 2.547e-06 10
7 1.5087e-05 20
9 9.3205e-05 186
10 1.6147e-05 142
7 1.6116e-05 20
10 0.00150568 1095
3 3.567e-06 10
3 2.812e-06 10
14 1.4615e-05 153
3 2.636e-06 10
3 2.494e-06 10
13 0.0261794 2409
7 1.7389e-05 20
10 0.000305773 492
13 0.0425031 2912
7 1.2929e-05 10
10 1.0624e-05 219
9 0.000172453 219
14 0.00451885 1248
10 3.7478e-05 153
8 1.38e-05 32
14 0.00252712 875
3 3.842e-06 10
12 0.0048726 784
3 3.534e-06 10
7 1.172e-05 10
3 2.844e-06 10
10 6.509e-05 208
7 1.6885e-05 20
13 0.0103306 1476
9 0.000126185 175
14 0.00762028 1533
3 3.819e-06 10
7 1.6241e-05 20
13 0.0236774 2409
3 4.005e-06 10
7 1.6026e-05 20
3 2.847e-06 10
9 2.2088e-05 131
3 2.894e-06 10
7 5.2061e-05 20
14 0.00172245 876
14 0.00274906 985
3 3.622e-06 10
14 0.000173881 284
7 3.7783e-05 20
12 0.000608307 304
13 0.0402131 2704
12 0.00148485 490
13 0.0272674 2132
7 3.7368e-05 20
13 0.0211922 1925
10 0.0007051 744
13 0.0231354 1752
14 3.1727e-05 219
7 3.8872e-05 20
3 2.879e-06 10
9 0.000136476 186
7 1.7584e-05 20
9 4.378e-05 120
10 0.000116732 372
13 0.0150811 1640
10 0.000129134 394
3 3.778e-06 10
3 2.638e-06 10
3 2.7e-06 10
7 1.6958e-05 20
10 1.0374e-05 208
3 2.999e-06 10
7 1.5374e-05 20
7 1.1493e-05 10
3 2.846e-06 10
13 0.0335354 2296
3 4.141e-06 10
3 2.919e-06 10
8 0.00043796 348
7 1.3279e-05 10
7 3.1297e-05 10
14 1.714e-05 164
3 2.957e-06 10
3 2.805e-06 10
10 0.000104989 328
7 2.1352e-05 20
10 0.00750779 1872
14 3.1612e-05 219
8 0.000492547 436
13 0.0142137 1640
9 0.00410711 960
3 4.194e-06 10
9 0.0929987 3952
7 3.7765e-05 20
10 3.0851e-05 208
3 1.815e-05 10
9 5.7977e-05 120
3 3.133e-06 10
3 2.775e-06 10
3 2.586e-06 10
14 0.000173004 306
9 0.0494387 3152
3 3.782e-06 10
3 2.537e-06 10
7 1.2023e-05 10
7 3.6987e-05 20
3 2.711e-06 10
7 3.4525e-05 20
14 0.018571 2190
10 1.4083e-05 164
7 2.0322e-05 20
9 0.000108622 208
3 3.198e-06 10
13 0.00755906 1182
10 0.00011913 350
7 2.1497e-05 20
3 2.849e-06 10
13 0.0270282 1846
10 1.1304e-05 175
13 0.0330024 2561
10 0.00717946 1872
7 1.2905e-05 10
13 0.0327075 2496
7 5.4291e-05 20
12 1.3753e-05 65
7 1.117e-05 10
9 0.00287844 994
9 0.0509531 3152
3 4.209e-06 10
3 2.914e-06 10
9 5.4098e-05 175
13 0.0409763 2450
10 0.000730839 788
10 1.7498e-05 142
3 3.32e-06 10
7 3.7018e-05 20
10 2.3816e-05 197
10 0.000377329 657
7 3.4755e-05 10
13 0.0235887 2167
14 0.00169918 876
7 3.6565e-05 20
10 5.0963e-05 164
3 3.06e-06 10
7 1.1657e-05 10
9 0.0603269 3162
13 0.0646153 2976
3 4.225e-06 10
3 2.545e-06 10
3 2.54e-06 10
7 3.5885e-05 20
7 3.361e-05 20
8 0.000124477 129
3 3.142e-06 10
3 2.796e-06 10
10 0.00144737 1095
3 3.193e-06 10
8 0.00379201 872
8 3.4981e-05 87
14 1.5784e-05 186
10 0.000362059 558
7 1.7688e-05 10
9 3.0505e-05 142
12 0.00190791 522
3 3.829e-06 10
3 2.749e-06 10
13 0.00221478 765
10 1.339e-05 186
7 2.7081e-05 10
7 1.5871e-05 20
14 0.000258006 438
10 1.408e-05 219
7 1.6553e-05 20
14 0.00121364 612
8 0.000325466 172
13 0.0347239 2450
7 1.2955e-05 10
3 3.158e-06 10
3 2.489e-06 10
9 0.00314879 1225
3 3.499e-06 10
9 0.00919812 1420
7 5.4815e-05 20
7 1.122e-05 10
7 1.5761e-05 20
7 1.0232e-05 10
13 0.0229551 2046
3 4.375e-06 10
13 0.0178696 2080
12 0.000878222 436
13 0.000737001 426
10 0.00503787 1664
14 0.000252463 394
7 2.2692e-05 20
12 0.00115466 380
7 2.2156e-05 20
7 1.5755e-05 20
10 1.1434e-05 219
12 1.3186e-05 65
10 1.3761e-05 186
3 3.327e-06 10
3 2.963e-06 10
7 1.6269e-05 20
10 3.1604e-05 208
3 3.06e-06 10
3 2.955e-06 10
14 0.00121789 612
9 6.8813e-05 164
10 1.3467e-05 208
9 0.0161468 1572
12 0.00181874 456
14 1.5071e-05 164
3 3.131e-06 10
3 2.545e-06 10
10 9.776e-06 208
3 2.616e-06 10
7 1.9926e-05 20
10 2.4816e-05 219
3 2.855e-06 10
13 0.000479681 393
3 3.578e-06 10
3 2.667e-06 10
3 2.614e-06 10
7 2.0348e-05 20
3 2.787e-06 10
14 0.000233349 394
14 1.4838e-05 175
13 0.0245584 2409
12 1.3823e-05 98
3 3.2e-06 10
10 1.2906e-05 219
10 0.00517322 1752
3 3.603e-06 10
3 2.641e-06 10
13 0.00420441 840
10 4.5105e-05 153
10 2.8622e-05 186
7 1.2455e-05 10
3 3.114e-06 10
13 0.0454697 3066
7 1.2837e-05 10
7 2.0251e-05 20
3 2.797e-06 10
7 1.5833e-05 10
3 2.848e-06 10
13 0.019045 2080
10 5.934e-05 219
3 3.602e-06 10
7 2.1242e-05 20
7 1.8869e-05 20
7 9.629e-06 10
7 1.085e-05 10
10 1.0668e-05 219
3 3.067e-06 10
3 2.678e-06 10
12 0.00827134 1090
10 1.05e-05 164
7 2.0308e-05 20
14 0.0030375 1095
3 3.572e-06 10
10 1.3627e-05 208
3 2.818e-06 10
13 0.041774 2625
14 1.7041e-05 153
14 0.000178748 306
3 3.616e-06 10
3 2.79e-06 10
10 0.000400054 657
3 3.395e-06 10
14 0.00273827 985
3 3.295e-06 10
3 2.607e-06 10
7 2.0624e-05 20
7 1.069e-05 10
10 0.000730653 788
9 8.5491e-05 153
7 3.1989e-05 10
9 3.6349e-05 131
13 0.0065535 1048
10 5.9603e-05 186
7 1.1995e-05 10
3 3.08e-06 10
7 2.0466e-05 20
7 1.5472e-05 20
3 3.139e-06 10
14 0.00485922 1314
14 0.00122522 612
3 3.66e-06 10
10 5.5571e-05 175
7 3.8494e-05 20
7 3.5462e-05 20
13 0.0104248 1476
3 3.687e-06 10
7 3.5662e-05 20
3 2.725e-06 10
3 2.543e-06 10
10 1.442e-05 219
10 1.6874e-05 208
3 2.811e-06 10
3 2.644e-06 10
3 2.569e-06 10
7 1.5519e-05 10
3 2.634e-06 10
10 1.3596e-05 197
7 1.1626e-05 10
13 0.0132032 1441
7 1.1686e-05 10
7 1.4889e-05 20
3 3.044e-06 10
14 0.000736884 394
7 1.2414e-05 10
14 0.00143706 744
3 5.457e-06 10
9 0.000171065 219
12 9.5224e-05 152
14 1.591e-05 208
10 0.000108477 350
9 0.000115196 219
13 0.00931447 1314
3 3.824e-06 10
7 5.4965e-05 20
10 1.7913e-05 164
14 1.5893e-05 208
9 4.3826e-05 120
14 0.00502012 1248
3 4.147e-06 10
3 2.91e-06 10
14 0.000171218 284
14 1.5092e-05 175
3 3.067e-06 10
7 2.1039e-05 20
14 1.5986e-05 219
7 2.0132e-05 20
7 3.0354e-05 10
3 2.712e-06 10
14 0.00260686 875
3 3.596e-06 10
7 1.7635e-05 20
14 0.000586477 492
7 3.8527e-05 20
7 3.56e-05 20
12 1.4454e-05 87
14 0.000585276 492
7 1.2402e-05 10
13 0.0550442 3285
12 0.000676443 348
10 4.5211e-05 197
14 0.00493254 1314
7 2.1084e-05 20
13 0.00414023 840
14 0.00164472 832
12 0.00502996 784
7 1.2797e-05 10
9 0.0063493 1377
10 6.0115e-05 197
7 1.2184e-05 10
7 1.0584e-05 10
7 3.6071e-05 20
3 2.794e-06 10
7 1.5482e-05 20
10 1.0536e-05 208
13 0.0910799 3723
14 3.2057e-05 142
7 1.7857e-05 20
7 1.5375e-05 20
7 1.1576e-05 10
10 1.471e-05 219
3 3.374e-06 10
3 2.931e-06 10
13 0.0023289 656
9 0.000159096 197
14 0.00062787 525
9 0.0514592 2976
14 3.2163e-05 219
3 3.705e-06 10
10 3.1728e-05 197
14 1.4441e-05 175
13 0.007163 1080
3 3.793e-06 10
7 1.1315e-05 10
3 2.591e-06 10
3 2.51e-06 10
12 0.00253619 490
10 0.000366132 624
13 0.0180113 1773
14 0.020034 2190
3 4.087e-06 10
10 3.2278e-05 219
10 0.000374748 624
7 1.3252e-05 10
7 1.1321e-05 10
14 0.00282932 985
8 9e-06 54
3 3.358e-06 10
10 0.000396392 657
13 0.0619913 3120
13 0.0858885 3349
7 4.0525e-05 20
3 2.785e-06 10
3 2.463e-06 10
9 0.000530894 480
7 1.7269e-05 20
14 0.000242395 438
14 0.000109015 142
8 1.5784e-05 87
7 1.8698e-05 10
7 2.0157e-05 20
3 2.84e-06 10
7 1.1554e-05 10
3 2.823e-06 10
9 8.8618e-05 208
14 1.6269e-05 186
14 0.000216123 394
7 1.8122e-05 10
14 1.6146e-05 219
3 3.164e-06 10
7 1.6163e-05 10
10 0.00124801 875
13 0.0176661 1804
8 3.6954e-05 87
13 0.0426944 2847
10 0.000798321 832
3 4.065e-06 10
7 1.7796e-05 20
13 0.00851289 1400
7 1.3134e-05 10
3 3.139e-06 10
13 0.00555176 1148
3 3.736e-06 10
3 2.798e-06 10
7 5.2955e-05 20
7 3.0698e-05 10
7 1.0131e-05 10
3 3.12e-06 10
7 1.0613e-05 10
3 2.569e-06 10
8 1.5796e-05 76
7 2.5287e-05 10
3 2.755e-06 10
3 2.669e-06 10
7 1.0458e-05 10
8 0.000938409 545
10 3.2157e-05 219
3 3.264e-06 10
3 2.68e-06 10
8 1.5021e-05 98
3 2.76e-06 10
7 3.6747e-05 20
