182 74583
462 5.58317e+06
462 2.34229e+07
600 5.00621e+07
110 6868
272 610199
42 363
72 745
72 1497
156 7379
272 627902
506 4.88421e+07
272 62123
156 31191
306 1.31303e+06
110 6914
72 1524
156 29547
210 132421
56 756
506 4.80908e+07
552 2.4175e+07
30 185
90 3358
42 342
42 359
182 35776
650 4.18895e+08
110 7058
462 2.34136e+07
342 643985
306 303821
240 43271
272 337161
650 1.0159e+08
30 178
380 1.34046e+06
182 64719
42 351
72 1572
306 1.2854e+06
552 2.37933e+07
110 1851
240 64988
420 1.13687e+07
342 210057
72 1569
56 721
702 5.1127e+07
42 348
132 14405
210 130190
462 2.32615e+07
650 2.43431e+07
600 2.01482e+08
56 712
650 4.22949e+08
210 133886
42 330
72 657
506 4.80342e+07
240 278323
552 9.98888e+07
132 4021
272 623046
90 2948
132 14062
56 442
30 172
600 2.05541e+08
600 2.04067e+08
462 2.34261e+07
90 3273
56 266
30 178
30 174
110 1968
240 274751
342 2.65696e+06
306 1.2771e+06
552 2.36385e+07
72 1578
552 9.93611e+07
90 3314
30 180
600 2.01162e+08
702 8.726e+08
462 5.68755e+06
240 64697
110 6866
56 743
90 1023
132 14517
462 2.32473e+07
56 796
272 612717
210 130554
702 4.99589e+07
30 183
552 1.00135e+08
