960
0000,0000,0000
0000,0000,0001
0000,0000,0010
0000,0000,0011
0000,0000,1000
0000,0000,1001
0000,0000,1010
0000,0000,1011
0000,0001,0000
0000,0001,0001
0000,0001,0010
0000,0001,0011
0000,0001,1000
0000,0001,1001
0000,0001,1010
0000,0001,1011
0000,0010,0000
0000,0010,0001
0000,0010,0010
0000,0010,0011
0000,0010,1000
0000,0010,1001
0000,0010,1010
0000,0010,1011
0000,0011,0000
0000,0011,0001
0000,0011,0010
0000,0011,0011
0000,0011,1000
0000,0011,1001
0000,0011,1010
0000,0011,1011
0000,1000,0000
0000,1000,0001
0000,1000,0010
0000,1000,0011
0000,1000,1000
0000,1000,1001
0000,1000,1010
0000,1000,1011
0000,1001,0000
0000,1001,0001
0000,1001,0010
0000,1001,0011
0000,1001,1000
0000,1001,1001
0000,1001,1010
0000,1001,1011
0000,1010,0000
0000,1010,0001
0000,1010,0010
0000,1010,0011
0000,1010,1000
0000,1010,1001
0000,1010,1010
0000,1010,1011
0000,1011,0000
0000,1011,0001
0000,1011,0010
0000,1011,0011
0000,1011,1000
0000,1011,1001
0000,1011,1010
0000,1011,1011
0001,0000,0000
0001,0000,0001
0001,0000,0010
0001,0000,0011
0001,0000,1000
0001,0000,1001
0001,0000,1010
0001,0000,1011
0001,0001,0000
0001,0001,0001
0001,0001,0010
0001,0001,0011
0001,0001,1000
0001,0001,1001
0001,0001,1010
0001,0001,1011
0001,0010,0000
0001,0010,0001
0001,0010,0010
0001,0010,0011
0001,0010,1000
0001,0010,1001
0001,0010,1010
0001,0010,1011
0001,0011,0000
0001,0011,0001
0001,0011,0010
0001,0011,0011
0001,0011,1000
0001,0011,1001
0001,0011,1010
0001,0011,1011
0001,1000,0000
0001,1000,0001
0001,1000,0010
0001,1000,0011
0001,1000,1000
0001,1000,1001
0001,1000,1010
0001,1000,1011
0001,1001,0000
0001,1001,0001
0001,1001,0010
0001,1001,0011
0001,1001,1000
0001,1001,1001
0001,1001,1010
0001,1001,1011
0001,1010,0000
0001,1010,0001
0001,1010,0010
0001,1010,0011
0001,1010,1000
0001,1010,1001
0001,1010,1010
0001,1010,1011
0001,1011,0000
0001,1011,0001
0001,1011,0010
0001,1011,0011
0001,1011,1000
0001,1011,1001
0001,1011,1010
0001,1011,1011
0010,0000,0000
0010,0000,0001
0010,0000,0010
0010,0000,0011
0010,0000,1000
0010,0000,1001
0010,0000,1010
0010,0000,1011
0010,0001,0000
0010,0001,0001
0010,0001,0010
0010,0001,0011
0010,0001,1000
0010,0001,1001
0010,0001,1010
0010,0001,1011
0010,0010,0000
0010,0010,0001
0010,0010,0010
0010,0010,0011
0010,0010,0110
0010,0010,0111
0010,0010,1000
0010,0010,1001
0010,0010,1010
0010,0010,1011
0010,0010,1110
0010,0010,1111
0010,0011,0000
0010,0011,0001
0010,0011,0010
0010,0011,0011
0010,0011,0110
0010,0011,0111
0010,0011,1000
0010,0011,1001
0010,0011,1010
0010,0011,1011
0010,0011,1110
0010,0011,1111
0010,0110,0010
0010,0110,0011
0010,0110,0110
0010,0110,0111
0010,0110,1010
0010,0110,1011
0010,0110,1110
0010,0110,1111
0010,0111,0010
0010,0111,0011
0010,0111,0110
0010,0111,0111
0010,0111,1010
0010,0111,1011
0010,0111,1110
0010,0111,1111
0010,1000,0000
0010,1000,0001
0010,1000,0010
0010,1000,0011
0010,1000,1000
0010,1000,1001
0010,1000,1010
0010,1000,1011
0010,1001,0000
0010,1001,0001
0010,1001,0010
0010,1001,0011
0010,1001,1000
0010,1001,1001
0010,1001,1010
0010,1001,1011
0010,1010,0000
0010,1010,0001
0010,1010,0010
0010,1010,0011
0010,1010,0110
0010,1010,0111
0010,1010,1000
0010,1010,1001
0010,1010,1010
0010,1010,1011
0010,1010,1110
0010,1010,1111
0010,1011,0000
0010,1011,0001
0010,1011,0010
0010,1011,0011
0010,1011,0110
0010,1011,0111
0010,1011,1000
0010,1011,1001
0010,1011,1010
0010,1011,1011
0010,1011,1110
0010,1011,1111
0010,1110,0010
0010,1110,0011
0010,1110,0110
0010,1110,0111
0010,1110,1010
0010,1110,1011
0010,1110,1110
0010,1110,1111
0010,1111,0010
0010,1111,0011
0010,1111,0110
0010,1111,0111
0010,1111,1010
0010,1111,1011
0010,1111,1110
0010,1111,1111
0011,0000,0000
0011,0000,0001
0011,0000,0010
0011,0000,0011
0011,0000,1000
0011,0000,1001
0011,0000,1010
0011,0000,1011
0011,0001,0000
0011,0001,0001
0011,0001,0010
0011,0001,0011
0011,0001,1000
0011,0001,1001
0011,0001,1010
0011,0001,1011
0011,0010,0000
0011,0010,0001
0011,0010,0010
0011,0010,0011
0011,0010,0110
0011,0010,0111
0011,0010,1000
0011,0010,1001
0011,0010,1010
0011,0010,1011
0011,0010,1110
0011,0010,1111
0011,0011,0000
0011,0011,0001
0011,0011,0010
0011,0011,0011
0011,0011,0110
0011,0011,0111
0011,0011,1000
0011,0011,1001
0011,0011,1010
0011,0011,1011
0011,0011,1110
0011,0011,1111
0011,0110,0010
0011,0110,0011
0011,0110,0110
0011,0110,0111
0011,0110,1010
0011,0110,1011
0011,0110,1110
0011,0110,1111
0011,0111,0010
0011,0111,0011
0011,0111,0110
0011,0111,0111
0011,0111,1010
0011,0111,1011
0011,0111,1110
0011,0111,1111
0011,1000,0000
0011,1000,0001
0011,1000,0010
0011,1000,0011
0011,1000,1000
0011,1000,1001
0011,1000,1010
0011,1000,1011
0011,1001,0000
0011,1001,0001
0011,1001,0010
0011,1001,0011
0011,1001,1000
0011,1001,1001
0011,1001,1010
0011,1001,1011
0011,1010,0000
0011,1010,0001
0011,1010,0010
0011,1010,0011
0011,1010,0110
0011,1010,0111
0011,1010,1000
0011,1010,1001
0011,1010,1010
0011,1010,1011
0011,1010,1110
0011,1010,1111
0011,1011,0000
0011,1011,0001
0011,1011,0010
0011,1011,0011
0011,1011,0110
0011,1011,0111
0011,1011,1000
0011,1011,1001
0011,1011,1010
0011,1011,1011
0011,1011,1110
0011,1011,1111
0011,1110,0010
0011,1110,0011
0011,1110,0110
0011,1110,0111
0011,1110,1010
0011,1110,1011
0011,1110,1110
0011,1110,1111
0011,1111,0010
0011,1111,0011
0011,1111,0110
0011,1111,0111
0011,1111,1010
0011,1111,1011
0011,1111,1110
0011,1111,1111
0110,0010,0010
0110,0010,0011
0110,0010,0110
0110,0010,0111
0110,0010,1010
0110,0010,1011
0110,0010,1110
0110,0010,1111
0110,0011,0010
0110,0011,0011
0110,0011,0110
0110,0011,0111
0110,0011,1010
0110,0011,1011
0110,0011,1110
0110,0011,1111
0110,0110,0010
0110,0110,0011
0110,0110,0110
0110,0110,0111
0110,0110,1010
0110,0110,1011
0110,0110,1110
0110,0110,1111
0110,0111,0010
0110,0111,0011
0110,0111,0110
0110,0111,0111
0110,0111,1010
0110,0111,1011
0110,0111,1110
0110,0111,1111
0110,1010,0010
0110,1010,0011
0110,1010,0110
0110,1010,0111
0110,1010,1010
0110,1010,1011
0110,1010,1110
0110,1010,1111
0110,1011,0010
0110,1011,0011
0110,1011,0110
0110,1011,0111
0110,1011,1010
0110,1011,1011
0110,1011,1110
0110,1011,1111
0110,1110,0010
0110,1110,0011
0110,1110,0110
0110,1110,0111
0110,1110,1010
0110,1110,1011
0110,1110,1110
0110,1110,1111
0110,1111,0010
0110,1111,0011
0110,1111,0110
0110,1111,0111
0110,1111,1010
0110,1111,1011
0110,1111,1110
0110,1111,1111
0111,0010,0010
0111,0010,0011
0111,0010,0110
0111,0010,0111
0111,0010,1010
0111,0010,1011
0111,0010,1110
0111,0010,1111
0111,0011,0010
0111,0011,0011
0111,0011,0110
0111,0011,0111
0111,0011,1010
0111,0011,1011
0111,0011,1110
0111,0011,1111
0111,0110,0010
0111,0110,0011
0111,0110,0110
0111,0110,0111
0111,0110,1010
0111,0110,1011
0111,0110,1110
0111,0110,1111
0111,0111,0010
0111,0111,0011
0111,0111,0110
0111,0111,0111
0111,0111,1010
0111,0111,1011
0111,0111,1110
0111,0111,1111
0111,1010,0010
0111,1010,0011
0111,1010,0110
0111,1010,0111
0111,1010,1010
0111,1010,1011
0111,1010,1110
0111,1010,1111
0111,1011,0010
0111,1011,0011
0111,1011,0110
0111,1011,0111
0111,1011,1010
0111,1011,1011
0111,1011,1110
0111,1011,1111
0111,1110,0010
0111,1110,0011
0111,1110,0110
0111,1110,0111
0111,1110,1010
0111,1110,1011
0111,1110,1110
0111,1110,1111
0111,1111,0010
0111,1111,0011
0111,1111,0110
0111,1111,0111
0111,1111,1010
0111,1111,1011
0111,1111,1110
0111,1111,1111
1000,0000,0000
1000,0000,0001
1000,0000,0010
1000,0000,0011
1000,0000,1000
1000,0000,1001
1000,0000,1010
1000,0000,1011
1000,0001,0000
1000,0001,0001
1000,0001,0010
1000,0001,0011
1000,0001,1000
1000,0001,1001
1000,0001,1010
1000,0001,1011
1000,0010,0000
1000,0010,0001
1000,0010,0010
1000,0010,0011
1000,0010,1000
1000,0010,1001
1000,0010,1010
1000,0010,1011
1000,0011,0000
1000,0011,0001
1000,0011,0010
1000,0011,0011
1000,0011,1000
1000,0011,1001
1000,0011,1010
1000,0011,1011
1000,1000,0000
1000,1000,0001
1000,1000,0010
1000,1000,0011
1000,1000,1000
1000,1000,1001
1000,1000,1010
1000,1000,1011
1000,1001,0000
1000,1001,0001
1000,1001,0010
1000,1001,0011
1000,1001,1000
1000,1001,1001
1000,1001,1010
1000,1001,1011
1000,1010,0000
1000,1010,0001
1000,1010,0010
1000,1010,0011
1000,1010,1000
1000,1010,1001
1000,1010,1010
1000,1010,1011
1000,1011,0000
1000,1011,0001
1000,1011,0010
1000,1011,0011
1000,1011,1000
1000,1011,1001
1000,1011,1010
1000,1011,1011
1001,0000,0000
1001,0000,0001
1001,0000,0010
1001,0000,0011
1001,0000,1000
1001,0000,1001
1001,0000,1010
1001,0000,1011
1001,0001,0000
1001,0001,0001
1001,0001,0010
1001,0001,0011
1001,0001,1000
1001,0001,1001
1001,0001,1010
1001,0001,1011
1001,0010,0000
1001,0010,0001
1001,0010,0010
1001,0010,0011
1001,0010,1000
1001,0010,1001
1001,0010,1010
1001,0010,1011
1001,0011,0000
1001,0011,0001
1001,0011,0010
1001,0011,0011
1001,0011,1000
1001,0011,1001
1001,0011,1010
1001,0011,1011
1001,1000,0000
1001,1000,0001
1001,1000,0010
1001,1000,0011
1001,1000,1000
1001,1000,1001
1001,1000,1010
1001,1000,1011
1001,1001,0000
1001,1001,0001
1001,1001,0010
1001,1001,0011
1001,1001,1000
1001,1001,1001
1001,1001,1010
1001,1001,1011
1001,1010,0000
1001,1010,0001
1001,1010,0010
1001,1010,0011
1001,1010,1000
1001,1010,1001
1001,1010,1010
1001,1010,1011
1001,1011,0000
1001,1011,0001
1001,1011,0010
1001,1011,0011
1001,1011,1000
1001,1011,1001
1001,1011,1010
1001,1011,1011
1010,0000,0000
1010,0000,0001
1010,0000,0010
1010,0000,0011
1010,0000,1000
1010,0000,1001
1010,0000,1010
1010,0000,1011
1010,0001,0000
1010,0001,0001
1010,0001,0010
1010,0001,0011
1010,0001,1000
1010,0001,1001
1010,0001,1010
1010,0001,1011
1010,0010,0000
1010,0010,0001
1010,0010,0010
1010,0010,0011
1010,0010,0110
1010,0010,0111
1010,0010,1000
1010,0010,1001
1010,0010,1010
1010,0010,1011
1010,0010,1110
1010,0010,1111
1010,0011,0000
1010,0011,0001
1010,0011,0010
1010,0011,0011
1010,0011,0110
1010,0011,0111
1010,0011,1000
1010,0011,1001
1010,0011,1010
1010,0011,1011
1010,0011,1110
1010,0011,1111
1010,0110,0010
1010,0110,0011
1010,0110,0110
1010,0110,0111
1010,0110,1010
1010,0110,1011
1010,0110,1110
1010,0110,1111
1010,0111,0010
1010,0111,0011
1010,0111,0110
1010,0111,0111
1010,0111,1010
1010,0111,1011
1010,0111,1110
1010,0111,1111
1010,1000,0000
1010,1000,0001
1010,1000,0010
1010,1000,0011
1010,1000,1000
1010,1000,1001
1010,1000,1010
1010,1000,1011
1010,1001,0000
1010,1001,0001
1010,1001,0010
1010,1001,0011
1010,1001,1000
1010,1001,1001
1010,1001,1010
1010,1001,1011
1010,1010,0000
1010,1010,0001
1010,1010,0010
1010,1010,0011
1010,1010,0110
1010,1010,0111
1010,1010,1000
1010,1010,1001
1010,1010,1010
1010,1010,1011
1010,1010,1110
1010,1010,1111
1010,1011,0000
1010,1011,0001
1010,1011,0010
1010,1011,0011
1010,1011,0110
1010,1011,0111
1010,1011,1000
1010,1011,1001
1010,1011,1010
1010,1011,1011
1010,1011,1110
1010,1011,1111
1010,1110,0010
1010,1110,0011
1010,1110,0110
1010,1110,0111
1010,1110,1010
1010,1110,1011
1010,1110,1110
1010,1110,1111
1010,1111,0010
1010,1111,0011
1010,1111,0110
1010,1111,0111
1010,1111,1010
1010,1111,1011
1010,1111,1110
1010,1111,1111
1011,0000,0000
1011,0000,0001
1011,0000,0010
1011,0000,0011
1011,0000,1000
1011,0000,1001
1011,0000,1010
1011,0000,1011
1011,0001,0000
1011,0001,0001
1011,0001,0010
1011,0001,0011
1011,0001,1000
1011,0001,1001
1011,0001,1010
1011,0001,1011
1011,0010,0000
1011,0010,0001
1011,0010,0010
1011,0010,0011
1011,0010,0110
1011,0010,0111
1011,0010,1000
1011,0010,1001
1011,0010,1010
1011,0010,1011
1011,0010,1110
1011,0010,1111
1011,0011,0000
1011,0011,0001
1011,0011,0010
1011,0011,0011
1011,0011,0110
1011,0011,0111
1011,0011,1000
1011,0011,1001
1011,0011,1010
1011,0011,1011
1011,0011,1110
1011,0011,1111
1011,0110,0010
1011,0110,0011
1011,0110,0110
1011,0110,0111
1011,0110,1010
1011,0110,1011
1011,0110,1110
1011,0110,1111
1011,0111,0010
1011,0111,0011
1011,0111,0110
1011,0111,0111
1011,0111,1010
1011,0111,1011
1011,0111,1110
1011,0111,1111
1011,1000,0000
1011,1000,0001
1011,1000,0010
1011,1000,0011
1011,1000,1000
1011,1000,1001
1011,1000,1010
1011,1000,1011
1011,1001,0000
1011,1001,0001
1011,1001,0010
1011,1001,0011
1011,1001,1000
1011,1001,1001
1011,1001,1010
1011,1001,1011
1011,1010,0000
1011,1010,0001
1011,1010,0010
1011,1010,0011
1011,1010,0110
1011,1010,0111
1011,1010,1000
1011,1010,1001
1011,1010,1010
1011,1010,1011
1011,1010,1110
1011,1010,1111
1011,1011,0000
1011,1011,0001
1011,1011,0010
1011,1011,0011
1011,1011,0110
1011,1011,0111
1011,1011,1000
1011,1011,1001
1011,1011,1010
1011,1011,1011
1011,1011,1110
1011,1011,1111
1011,1110,0010
1011,1110,0011
1011,1110,0110
1011,1110,0111
1011,1110,1010
1011,1110,1011
1011,1110,1110
1011,1110,1111
1011,1111,0010
1011,1111,0011
1011,1111,0110
1011,1111,0111
1011,1111,1010
1011,1111,1011
1011,1111,1110
1011,1111,1111
1110,0010,0010
1110,0010,0011
1110,0010,0110
1110,0010,0111
1110,0010,1010
1110,0010,1011
1110,0010,1110
1110,0010,1111
1110,0011,0010
1110,0011,0011
1110,0011,0110
1110,0011,0111
1110,0011,1010
1110,0011,1011
1110,0011,1110
1110,0011,1111
1110,0110,0010
1110,0110,0011
1110,0110,0110
1110,0110,0111
1110,0110,1010
1110,0110,1011
1110,0110,1110
1110,0110,1111
1110,0111,0010
1110,0111,0011
1110,0111,0110
1110,0111,0111
1110,0111,1010
1110,0111,1011
1110,0111,1110
1110,0111,1111
1110,1010,0010
1110,1010,0011
1110,1010,0110
1110,1010,0111
1110,1010,1010
1110,1010,1011
1110,1010,1110
1110,1010,1111
1110,1011,0010
1110,1011,0011
1110,1011,0110
1110,1011,0111
1110,1011,1010
1110,1011,1011
1110,1011,1110
1110,1011,1111
1110,1110,0010
1110,1110,0011
1110,1110,0110
1110,1110,0111
1110,1110,1010
1110,1110,1011
1110,1110,1110
1110,1110,1111
1110,1111,0010
1110,1111,0011
1110,1111,0110
1110,1111,0111
1110,1111,1010
1110,1111,1011
1110,1111,1110
1110,1111,1111
1111,0010,0010
1111,0010,0011
1111,0010,0110
1111,0010,0111
1111,0010,1010
1111,0010,1011
1111,0010,1110
1111,0010,1111
1111,0011,0010
1111,0011,0011
1111,0011,0110
1111,0011,0111
1111,0011,1010
1111,0011,1011
1111,0011,1110
1111,0011,1111
1111,0110,0010
1111,0110,0011
1111,0110,0110
1111,0110,0111
1111,0110,1010
1111,0110,1011
1111,0110,1110
1111,0110,1111
1111,0111,0010
1111,0111,0011
1111,0111,0110
1111,0111,0111
1111,0111,1010
1111,0111,1011
1111,0111,1110
1111,0111,1111
1111,1010,0010
1111,1010,0011
1111,1010,0110
1111,1010,0111
1111,1010,1010
1111,1010,1011
1111,1010,1110
1111,1010,1111
1111,1011,0010
1111,1011,0011
1111,1011,0110
1111,1011,0111
1111,1011,1010
1111,1011,1011
1111,1011,1110
1111,1011,1111
1111,1110,0010
1111,1110,0011
1111,1110,0110
1111,1110,0111
1111,1110,1010
1111,1110,1011
1111,1110,1110
1111,1110,1111
1111,1111,0010
1111,1111,0011
1111,1111,0110
1111,1111,0111
1111,1111,1010
1111,1111,1011
1111,1111,1110
1111,1111,1111
