3 0 10
7 0.001014 10
7 0 10
7 0 20
14 0 186
9 0.171452 2232
14 0.098164 1752
14 0 219
7 0.001104 20
7 0 20
14 0.035669 1050
7 0 20
7 0.000998 20
10 0.001036 175
13 0.012535 600
3 0 10
3 0 10
7 0 20
7 0 10
3 0 10
7 0 20
13 0.729767 3328
10 0.050129 1576
3 0 10
13 0.598522 2955
9 0 131
14 0.022672 832
7 0 10
3 0 10
3 0 10
3 0 10
14 0.002111 372
8 0.000996 65
3 0 10
13 0.194692 2167
10 0 186
3 0 10
3 0 10
8 0 98
10 0 186
12 0.00353 228
7 0 10
14 0.099841 1752
7 0 20
3 0 10
12 0.038765 696
7 0 20
13 0.151976 1562
3 0 10
7 0.00115 20
10 0 208
7 0 10
3 0 10
3 0 10
3 0 10
3 0.000999 10
10 0.040889 1379
7 0 20
12 0.008099 270
14 0.019677 820
3 0 10
3 0 10
7 0 20
3 0 10
7 0 20
12 0.001005 129
3 0 10
3 0 10
13 0.054737 917
7 0 20
3 0 10
3 0 10
7 0.001 20
7 0 20
8 0 21
7 0 20
14 0.001232 208
7 0 20
3 0 10
13 0.274739 2100
3 0 10
10 0.00209 416
3 0.000957 10
10 0 219
3 0 10
14 0 208
14 0.012331 657
7 0 20
3 0 10
8 0.001382 98
3 0 10
7 0 20
3 0 10
10 0 197
10 0 219
14 0.003009 328
3 0.000567 10
10 0 208
9 1.02971 3952
14 0.009933 558
7 0 20
10 0.001 208
3 0 10
7 0 20
10 0.000998 208
3 0 10
10 0 197
7 0.001 20
3 0 10
13 0.060218 994
13 0.075351 1136
3 0 10
7 0.001279 20
14 0.001999 416
14 0.057371 1314
7 0 10
3 0 10
8 0.001011 87
13 0.119443 1640
7 0 10
3 0 10
14 0.028255 930
14 0.001 208
3 0 10
13 0.164304 1572
7 0 10
7 0 20
13 0.862437 3952
10 0 197
14 0.033497 1040
13 0.236447 2275
14 0 208
14 0.001004 208
14 0.023303 820
13 0.165481 1441
14 0.006009 426
7 0 20
9 0.000591 208
14 0.005001 438
3 0 10
3 0 10
3 0 10
7 0 10
3 0 10
3 0 10
8 0 98
14 0 219
13 0.454025 1989
10 0.007262 624
7 0.001052 20
7 0 10
3 0 10
14 0.0071 416
7 0.001987 20
13 0.837216 3066
3 0 10
7 0.001079 20
8 0 108
10 0.001007 197
10 0.065751 1379
3 0 10
10 0 197
12 0.048683 545
7 0 20
12 0.002474 130
14 0.390713 2190
13 0.418551 1925
14 0 120
7 0 20
7 0 20
3 0 10
9 0.228345 1970
10 0.003014 262
7 0 20
14 0.001024 208
7 0 10
3 0 10
13 0.171414 1400
7 0 10
14 0.003984 372
10 0 219
7 0.001012 20
7 0 20
3 0 10
3 0 10
13 0.162443 984
7 0 20
7 0.001105 10
3 0 10
7 0.000907 20
9 0 219
14 0.001005 175
9 0.001155 142
9 0 197
13 0.680934 2142
10 0 197
3 0 10
10 0 219
12 0.002341 152
7 0.001495 20
7 0.000821 20
7 0 20
12 0.089238 784
3 0 10
10 0.001001 208
10 0 219
10 0 219
3 0 10
9 0.309342 1704
7 0 10
7 0.001018 20
13 1.25986 3285
3 0 10
12 0.049499 588
12 0 32
7 0.001107 10
14 0.003343 328
8 0.077734 784
13 0.196652 1310
9 0.185169 1970
7 0.001027 20
10 0 186
7 0.001389 20
7 0 20
7 0 20
7 0 10
8 0.074775 784
13 0.146163 1224
7 0.00125 20
7 0 10
14 0.057052 788
3 0 10
13 1.18609 3120
3 0.001497 10
7 0.001002 20
7 0.000997 20
13 0.023815 492
14 0.015872 624
3 0 10
9 0 120
3 0 10
8 0 109
9 0.20964 2080
3 0 10
8 0.019981 545
13 0.096085 917
7 0 10
7 0.001522 20
3 0 10
3 0 10
12 0.001016 54
3 0 10
13 0.250948 1441
7 0 20
7 0 20
8 0 65
3 0 10
3 0 10
7 0.000718 20
7 0 20
14 0.09995 1314
10 0 120
9 0.001287 131
13 1.70005 3942
10 0 197
10 0 153
9 0.605859 2912
12 0.078156 763
7 0.001004 20
13 1.24657 2976
3 0.001321 10
3 0 10
14 0.050527 820
10 0 208
14 0.004023 438
3 0.00101 10
12 0.001387 152
10 0.005486 394
7 0 20
3 0 10
9 0 120
13 0.177417 1488
10 0.070111 1533
9 0.292461 2288
7 0 10
14 0.02638 525
9 0.067505 1225
7 0.000988 10
7 0 10
7 0.001921 20
10 0 197
14 0.034867 876
9 0.010401 480
3 0 10
8 0.001018 65
10 0.003243 438
7 0 20
7 0 20
13 0.453902 2167
7 0 20
14 0.115911 1302
3 0 10
9 0.604973 2758
9 0 153
3 0 10
7 0 20
10 0.001005 219
7 0 20
10 0.006009 492
10 0 175
7 0 10
9 0.000997 208
3 0 10
14 0.035134 832
10 0.009332 657
7 0.001051 10
14 0.046673 820
14 0.005001 306
13 0.495381 1925
13 0.824917 2912
10 0 142
9 0.170495 1750
3 0 10
12 0.01041 348
3 0 10
3 0 10
3 0.001198 10
10 0 175
7 0 20
14 0.003332 394
10 0.001009 219
8 0 109
7 0 20
3 0.001002 10
7 0.001 20
13 0.497476 2288
7 0 20
8 0 109
8 0.003418 174
10 0.001005 219
14 0.013677 558
10 0.039143 1116
10 0.023913 820
7 0 10
3 0 10
9 1.79292 3952
7 0 10
7 0.000998 20
10 0 197
9 0 164
8 0.001003 87
7 0 20
7 0.001003 20
3 0 10
13 0.023212 480
3 0 10
7 0 10
3 0 10
14 0 175
14 0.011926 558
8 0.001406 64
3 0 10
7 0.001205 20
13 0.539755 2232
3 0 10
14 0 219
10 0.001016 153
12 0.151687 981
7 0.001028 20
3 0 10
14 0 197
3 0 10
7 0 20
3 0.000994 10
14 0 219
12 0.074666 763
14 0.037037 876
7 0 20
9 0.346974 2100
9 0.17922 1420
13 1.26132 3120
9 0.002021 175
3 0 10
3 0 10
9 0.005016 360
10 0.084337 1533
3 0 10
3 0 10
10 0.002099 262
3 0 10
7 0 20
3 0 10
10 0 219
3 0 10
7 0 20
7 0 20
13 0.080429 786
7 0.001001 20
7 0 20
13 0.825074 2296
13 0.121445 960
8 0.034776 456
3 0 10
12 0.0097 294
9 0.001003 175
9 0.00096 131
9 0.002892 197
3 0 10
10 0.001041 219
10 0.003102 438
3 0 10
8 0.028362 522
3 0 10
14 0.150862 1456
14 0.042481 876
8 0 109
13 0.754712 2275
3 0 10
9 0.003024 208
8 0.001273 87
8 0.044333 609
7 0 20
3 0 10
3 0 10
7 0 10
9 0.017885 600
7 0 20
7 0.001117 20
3 0 10
8 0.051188 686
7 0.001154 20
3 0 10
9 0.005496 360
10 0 175
3 0 10
7 0 20
7 0 20
3 0 10
10 0.003143 416
14 0.010614 459
9 0.005488 393
14 0 197
3 0 10
8 0.000999 98
9 0.357269 2364
7 0 10
3 0 10
13 0.842256 2847
14 0.035527 832
14 0.004618 394
14 0.027347 700
3 0 10
7 0 20
10 0.015227 832
7 0 10
7 0 10
3 0 10
7 0 10
7 0 20
7 0.001033 20
3 0.000962 10
7 0 20
7 0.001024 10
10 0.002009 438
14 0.14913 1533
9 0.011895 655
3 0.001059 10
7 0 10
10 0 208
7 0 20
7 0 10
7 0 20
9 0.015451 710
3 0 10
3 0 10
12 0.075637 981
7 0 10
7 0 20
10 0 175
10 0 208
10 0 208
3 0 10
14 0.002695 372
13 1.34779 4380
10 0.002927 459
8 0 87
7 0 20
3 0 10
10 0 219
10 0.000994 131
3 0.001092 10
10 0 208
7 0 10
10 0.001282 438
14 0.001065 197
3 0 10
3 0 10
13 0.152239 1562
7 0 10
7 0.001239 20
3 0 10
3 0.001001 10
14 0.006998 426
8 0.001011 195
3 0 10
9 0.034123 840
14 0.001117 153
3 0 10
13 0.059126 918
3 0 10
3 0 10
10 0.003983 525
3 0 10
13 0.082748 1071
10 0.01337 930
7 0 20
3 0 10
12 0.00204 172
14 0 208
7 0 20
3 0 10
3 0 10
13 0.053516 1225
14 0.065157 1379
3 0 10
9 0.021233 786
3 0 10
14 0 219
13 0.017363 600
7 0 20
3 0 10
3 0 10
3 0 10
3 0 10
7 0.001015 20
3 0 10
7 0.001002 20
10 0 219
7 0 10
10 0.011134 744
13 0.007013 426
14 0.003526 284
9 0.001015 197
3 0 10
10 0.001001 219
3 0 10
3 0 10
3 0 10
7 0 20
13 0.051795 994
14 0.02694 1095
7 0 10
13 0.102307 1476
7 0 20
3 0 10
3 0 10
7 0 20
9 0 186
10 0 142
7 0.001014 20
10 0.016388 1095
3 0 10
3 0 10
14 0 153
3 0 10
3 0 10
13 0.445402 2409
7 0.001005 20
10 0.004404 492
13 0.53709 2912
7 0 10
10 0 219
9 0.000999 219
14 0.064571 1248
10 0.001002 153
8 0.000999 32
14 0.045213 875
3 0 10
12 0.066138 784
3 0 10
7 0 10
3 0 10
10 0 208
7 0 20
13 0.108754 1476
9 0.001259 175
14 0.107831 1533
3 0 10
7 0 20
13 0.337242 2409
3 0 10
7 0.001001 20
3 0.001056 10
9 0.000997 131
3 0 10
7 0.000998 20
14 0.015174 876
14 0.023102 985
3 0 10
14 0.002999 284
7 0 20
12 0.004598 304
13 0.408747 2704
12 0.017116 490
13 0.266599 2132
7 0 20
13 0.230399 1925
10 0.007907 744
13 0.2151 1752
14 0 219
7 0.000999 20
3 0.000993 10
9 0.002943 186
7 0 20
9 0 120
10 0.000912 372
13 0.16339 1640
10 0.001997 394
3 0 10
3 0 10
3 0 10
7 0 20
10 0 208
3 0 10
7 0 20
7 0 10
3 0 10
13 0.453479 2296
3 0 10
3 0 10
8 0.017405 348
7 0 10
7 0 10
14 0 164
3 0 10
3 0 10
10 0.001992 328
7 0 20
10 0.14804 1872
14 0 219
8 0.010068 436
13 0.256834 1640
9 0.091098 960
3 0 10
9 1.89426 3952
7 0.001387 20
10 0.001 208
3 0 10
9 0.002001 120
3 0.001996 10
3 0.001019 10
3 0 10
14 0.003373 306
9 0.955575 3152
3 0 10
3 0 10
7 0 10
7 0.001001 20
3 0 10
7 0.001357 20
14 0.369398 2190
10 0 164
7 0 20
9 0.001474 208
3 0 10
13 0.135311 1182
10 0.001999 350
7 0.000992 20
3 0 10
13 0.528189 1846
10 0.000504 175
13 0.670544 2561
10 0.163165 1872
7 0 10
13 0.669031 2496
7 0 20
12 0 65
7 0 10
9 0.043781 994
9 0.893811 3152
3 0 10
3 0 10
9 0.001313 175
13 0.756308 2450
10 0.014387 788
10 0 142
3 0 10
7 0 20
10 0 197
10 0.007037 657
7 0 10
13 0.460466 2167
14 0.031355 876
7 0 20
10 0.001002 164
3 0 10
7 0 10
9 1.26288 3162
13 1.20181 2976
3 0 10
3 0 10
3 0 10
7 0 20
7 0.000483 20
8 0.002018 129
3 0 10
3 0 10
10 0.025643 1095
3 0 10
8 0.090181 872
8 0 87
14 0.001002 186
10 0.007077 558
7 0 10
9 0 142
12 0.033584 522
3 0 10
3 0 10
13 0.038722 765
10 0 186
7 0 10
7 0 20
14 0.004006 438
10 0 219
7 0 20
14 0.024183 612
8 0.00401 172
13 0.615824 2450
7 0 10
3 0 10
3 0 10
9 0.049086 1225
3 0 10
9 0.182631 1420
7 0.001014 20
7 0 10
7 0 20
7 0.001199 10
13 0.413672 2046
3 0 10
13 0.342689 2080
12 0.012443 436
13 0.010015 426
10 0.092587 1664
14 0.004637 394
7 0.001004 20
12 0.022022 380
7 0.001009 20
7 0 20
10 0 219
12 0 65
10 0.001012 186
3 0 10
3 0 10
7 0.000994 20
10 0 208
3 0 10
3 0 10
14 0.020373 612
9 0 164
10 0.001001 208
9 0.28086 1572
12 0.033516 456
14 0.001007 164
3 0 10
3 0 10
10 0.001 208
3 0 10
7 0.00101 20
10 0 219
3 0 10
13 0.008239 393
3 0 10
3 0 10
3 0 10
7 0 20
3 0 10
14 0.006489 394
14 0.000992 175
13 0.48342 2409
12 0 98
3 0 10
10 0.000959 219
10 0.110072 1752
3 0 10
3 0 10
13 0.083113 840
10 0.000995 153
10 0.001001 186
7 0 10
3 0 10
13 0.920599 3066
7 0 10
7 0 20
3 0 10
7 0.001002 10
3 0 10
13 0.409008 2080
10 0 219
3 0.001 10
7 0 20
7 0 20
7 0 10
7 0.001005 10
10 0 219
3 0 10
3 0 10
12 0.188794 1090
10 0 164
7 0 20
14 0.06615 1095
3 0 10
10 0.000996 208
3 0.001003 10
13 0.933705 2625
14 0 153
14 0.005441 306
3 0.001004 10
3 0.001048 10
10 0.011522 657
3 0 10
14 0.058907 985
3 0 10
3 0 10
7 0 20
7 0 10
10 0.016004 788
9 0.00401 153
7 0.000979 10
9 0 131
13 0.136179 1048
10 0 186
7 0 10
3 0 10
7 0.000998 20
7 8.6e-005 20
3 0 10
14 0.111682 1314
14 0.030484 612
3 0 10
10 0 175
7 0.00109 20
7 0.001008 20
13 0.214475 1476
3 0 10
7 0.000275 20
3 0 10
3 0.001002 10
10 0.00107 219
10 0 208
3 0 10
3 0 10
3 0 10
7 0.000706 10
3 0 10
10 0 197
7 0 10
13 0.292014 1441
7 0 10
7 0.000913 20
3 0.001047 10
14 0.016958 394
7 0.001005 10
14 0.029604 744
3 0 10
9 0.002024 219
12 0.001999 152
14 0 208
10 0.003013 350
9 0.001997 219
13 0.19712 1314
3 0 10
7 0 20
10 0 164
14 0 208
9 0.001 120
14 0.103551 1248
3 0 10
3 0 10
14 0.004992 284
14 0.000981 175
3 0 10
7 0.001323 20
14 0.001 219
7 0 20
7 0 10
3 0.000555 10
14 0.052613 875
3 0 10
7 0.001004 20
14 0.010976 492
7 0.001013 20
7 0 20
12 0 87
14 0.01101 492
7 0 10
13 1.09691 3285
12 0.016076 348
10 0.001004 197
14 0.103278 1314
7 0 20
13 0.087134 840
14 0.037553 832
12 0.108004 784
7 0 10
9 0.143795 1377
10 0.001025 197
7 0 10
7 0 10
7 0.00099 20
3 0 10
7 0.001002 20
10 0 208
13 1.77932 3723
14 0 142
7 0 20
7 0.001239 20
7 0 10
10 0.000978 219
3 0 10
3 0 10
13 0.047742 656
9 0.002009 197
14 0.013863 525
9 1.00204 2976
14 0.001132 219
3 0 10
10 0 197
14 0 175
13 0.149476 1080
3 0 10
7 0 10
3 0.001007 10
3 0 10
12 0.050917 490
10 0.009453 624
13 0.350274 1773
14 0.404631 2190
3 0 10
10 0.000514 219
10 0.007082 624
7 0 10
7 0.000926 10
14 0.058447 985
8 0 54
3 0.001126 10
10 0.009164 657
13 1.3279 3120
13 1.55899 3349
7 0.001003 20
3 0.001564 10
3 0 10
9 0.008413 480
7 0.000992 20
14 0.006263 438
14 0.002023 142
8 0 87
7 0 10
7 0 20
3 0 10
7 0 10
3 0 10
9 0.002007 208
14 0.000999 186
14 0.002242 394
7 0 10
14 0.000992 219
3 0 10
7 0 10
10 0.026562 875
13 0.348982 1804
8 0 87
13 0.847423 2847
10 0.019133 832
3 0 10
7 0 20
13 0.169295 1400
7 0.001041 10
3 0.001102 10
13 0.11505 1148
3 0 10
3 0 10
7 0.001003 20
7 0 10
7 0.001005 10
3 0 10
7 0.001007 10
3 0 10
8 0.001022 76
7 0.001046 10
3 0 10
3 0 10
7 0 10
8 0.017611 545
10 0 219
3 0 10
3 0 10
8 0.001002 98
3 0 10
7 0.000998 20
