56 2963
56 2298
42 957
56 597
30 318
30 341
42 758
20 93
42 807
20 135
30 337
56 1701
20 54
56 1659
56 1612
30 316
42 671
30 288
20 118
30 298
42 402
42 848
30 449
42 714
20 155
42 689
30 106
30 266
20 106
56 1006
20 110
56 531
30 259
30 168
30 135
30 279
20 108
42 617
56 1478
42 585
30 203
56 1415
42 618
30 236
30 247
20 93
42 310
20 97
30 233
56 1334
30 257
42 541
56 1283
56 1235
56 1247
20 94
20 88
42 683
42 340
56 1262
56 1273
30 227
56 1260
30 240
42 557
42 363
56 1194
30 115
42 198
42 532
20 88
42 546
56 1308
42 573
30 227
20 93
30 236
42 568
56 1267
56 1386
56 1291
42 592
20 157
20 146
42 538
42 556
30 300
42 553
20 88
56 1271
42 544
42 570
42 571
20 92
56 1244
42 566
20 93
56 1266
56 1254
56 1275
